6904
1774
1160
2937
1580
7067
1274
1458
8264
6535
7009
6939
6769
5057
546
458
9482
3715
2445
849
6690
8523
6566
5494
2110
1790
2001
6084
361
8248
6224
289
6678
8312
9840
5642
6800
6561
9281
4907
3263
2254
2305
3685
1152
7466
9450
2497
4656
2572
3720
9869
2777
454
7666
553
2362
1502
947
4992
4042
1591
5832
323
1365
1963
4613
107
8301
9341
9334
2432
9207
102
5272
4839
2408
664
5156
10
5111
5361
1113
9146
5661
2691
884
809
3438
6741
7852
5363
2202
7004
5479
7455
5882
5529
1859
5395
8155
9087
9238
521
9285
4229
2712
6474
512
1218
7226
9745
505
1299
1752
2723
8644
4578
2964
8690
7949
1687
1122
1869
2428
977
7285
6281
157
3583
9458
8820
892
6986
1912
8603
4470
6084
168
8451
9603
9375
338
3086
3807
1376
7033
1196
9190
850
5770
6794
6287
6122
7905
4033
5409
4753
5724
510
198
4592
4024
432
9679
7912
8165
2449
4574
8248
6391
6124
742
1834
1527
7125
1296
7711
8794
7889
1692
9286
3520
7894
9390
7128
4081
1336
5351
8784
3154
6787
2558
4325
911
5127
136
8718
1154
3535
7190
7836
7158
1402
7458
40
5713
2530
2561
2489
5901
5444
3003
3049
1081
1107
1506
7386
2564
9821
2331
7208
7055
866
7098
1384
4212
528
2051
9943
1928
9681
3222
3094
1457
1690
1906
1886
166
5675
7740
9024
5964
9234
1373
2817
2913
1252
195
2409
6712
6546
6118
1676
4495
4207
1464
2734
5046
2522
7668
4105
8355
8878
4120
2333
5311
8180
1466
6189
46
4806
4748
9635
9796
8420
1980
186
1355
2260
6327
8839
6912
4069
6173
9229
3190
4613
2139
9878
7744
781
627
174
1718
6526
7409
3935
7944
5850
448
9272
100
49
3109
3302
8005
8716
9697
4264
5576
5467
1316
2323
3995
4266
6122
7179
5977
7294
6155
973
5372
4296
4266
6335
5658
5430
1160
4641
2851
5177
1794
3909
5725
7231
125
9072
1645
8567
9086
5075
920
9617
4362
5170
1353
1741
2049
3762
2519
396
8322
3190
5263
9258
8848
2750
3402
7506
1225
6791
9498
423
905
9327
1905
8522
8117
527
1566
204
6111
4627
9559
8094
3500
6986
55
416
5907
9194
3126
8414
9527
353
724
8413
1565
505
1592
4842
9535
26
1616
6878
8403
1199
1513
6266
3773
674
3530
2416
6429
1377
1547
1688
7314
213
8205
4179
400
138
5994
1540
1203
8060
3797
1056
6539
5431
933
6932
4088
6826
3382
850
5252
2712
9775
215
1564
1529
1389
3953
8155
2999
9295
3068
7698
128
9873
1766
9633
8007
6143
3553
859
3036
3556
9220
7582
7040
8305
7912
7908
790
1533
6914
5930
5206
9799
4759
977
6233
1144
2883
5271
6378
3095
602
1561
3130
635
9111
1870
9601
9243
9458
1019
4839
2283
8717
9908
9594
7414
6559
87
5591
6012
6189
787
2002
7050
8933
3104
7995
1359
8301
9749
4853
8363
6242
7420
160
4805
4233
2309
4758
552
7844
284
3096
996
6388
3950
1035
7087
9056
3034
2202
2735
5296
2630
8400
2112
9174
9584
5623
1037
4792
4958
3740
7336
4873
1570
520
8198
7880
4133
1476
5980
7471
3329
3030
7748
2863
1543
5763
4034
6227
6933
2723
1886
1877
1193
3385
7924
3798
7069
3520
8981
734
1196
4809
5667
8787
854
3579
2598
4587
3628
9733
1025
1741
2610
2696
8264
4266
1450
2915
84
6305
8049
9324
2385
127
3141
5161
5308
6824
6585
630
1667
5527
1219
6277
1362
9391
954
4306
4061
2681
2304
8716
9070
6992
8367
5750
834
3272
4890
8082
9424
2162
422
9770
4653
9738
9300
3906
207
8615
8641
2553
5375
2359
9183
5577
7550
1023
7041
500
7377
8747
5836
4069
5850
5908
5204
3147
6957
8054
1716
7776
8591
4077
6940
1896
5086
1420
2953
3489
919
6940
5354
3898
2349
9915
6167
4886
6946
9903
1416
5560
3308
390
2353
3412
4990
1344
7220
4207
4100
569
9772
8782
2009
6971
8265
9134
4343
9680
8787
9756
3624
9742
3857
5928
3576
663
8481
4540
5681
9653
8637
185
4120
3481
8622
818
2465
799
110
3846
9530
6569
5529
8806
1987
3169
8373
7748
6294
41
3940
5001
4095
9602
2885
4448
8778
867
1060
9617
3946
1303
9333
6205
3578
438
3865
4044
9371
1941
4594
7049
952
7295
5160
7534
7657
6877
1786
9599
1838
6291
9719
739
5986
980
664
857
1942
9516
5776
1644
8110
4996
4682
5514
6952
4708
6999
8355
9158
1549
7461
1632
3109
7778
1758
8338
1566
2468
6337
6618
7848
6003
4356
4932
837
1272
2553
2156
265
4917
2481
4132
1367
6574
1936
76
9953
2463
8338
9940
3161
9341
1578
8247
1182
4073
880
6569
3086
1723
3167
6331
9934
5010
5777
285
4250
4221
630
5410
7977
3638
1372
4275
4798
990
600
2983
852
9198
5125
9730
7836
4142
2063
3139
150
496
3949
6794
9474
8301
3966
9100
5205
170
6074
7663
767
9270
8584
6046
2509
506
8924
1245
1835
3372
4546
1864
5602
5898
9828
9578
1989
7719
2876
8156
8199
7916
375
2795
5869
498
6499
8116
9512
2129
7027
8201
8993
7737
643
9563
5566
4136
1953
7904
1032
721
5430
5474
7182
103
3544
3316
9553
945
1286
2442
2252
2692
970
2038
7002
6788
781
2169
7439
9793
7349
1192
8180
5584
7118
1523
4821
4167
2500
1854
8826
7446
2688
2638
7312
4850
9834
9523
9572
7635
2342
6276
9029
4978
3471
1206
5489
3044
3962
7354
7839
3088
2678
675
4407
3416
564
1384
2214
1262
9530
1623
4009
5361
1830
2247
6449
6960
6416
4930
6215
709
4407
4468
161
3182
839
1727
6298
4257
9916
3654
2770
8500
2818
7138
9932
4769
2382
7611
2896
1578
1703
3243
7728
922
8916
4322
1018
4281
7941
8253
1534
6030
1917
2961
7080
9505
1903
8712
9519
5585
6883
5594
8561
2474
7266
7518
3835
2296
7281
5324
1809
3356
6316
3671
1778
7993
8842
3418
7248
5684
1515
181
1641
5803
7089
7762
9950
7168
7953
959
3124
9595
8123
3294
274
776
5209
734
319
8818
7752
4184
8813
2035
5882
4605
7546
2313
5991
7987
9039
8300
117
7861
1593
7935
8217
7713
4908
7653
9969
7541
7442
728
205
5238
1710
196
1
4919
8705
9032
2360
2214
9090
7905
7084
8668
1537
2557
1884
1013
88
3046
239
4885
7740
2210
8611
7252
2361
3466
3093
5686
7921
3599
8540
4448
8171
3017
1922
9127
6197
5044
219
267
5502
1217
3530
458
8141
6512
4762
1085
4540
9104
1479
4061
2611
289
418
884
5922
3666
6637
7367
9597
4698
8023
2306
932
8077
947
9922
2356
6366
3750
2032
706
8778
5756
6557
1336
9372
7236
2384
3566
2200
3129
7415
2798
9535
9103
1481
6234
2807
5129
5477
921
685
7919
8560
2770
2470
8450
4787
9098
9914
3158
1265
5041
5654
6758
9996
8518
6501
9697
9161
4312
799
2466
6183
1069
3654
7904
9214
7149
6466
1735
418
2701
100
2512
7494
728
1554
1022
5951
8984
1717
7488
2847
1400
698
5399
4725
8374
5140
3082
6792
5425
2680
7109
821
1488
9292
610
5380
6785
1244
4842
3517
2567
1651
9397
8989
5058
7238
6662
2094
1405
3506
3562
6201
360
1025
1296
7736
8537
9937
4407
2429
7053
8351
5428
2704
7065
2203
9850
5818
1996
296
1470
840
4328
3160
2238
1290
7512
9688
3054
8346
9164
3358
1519
9108
2292
4771
9935
8645
698
181
8464
7116
2553
7639
7192
3480
4865
1082
3265
7492
1141
9508
3864
4907
1385
5384
2489
2709
1344
96
4816
9049
1887
2285
2041
2185
3538
3862
9257
107
7202
2567
3359
9198
9550
3101
9098
2953
2607
3733
7342
7435
3020
8551
8432
1922
6727
3720
4910
4392
8547
7915
3490
7765
9854
3178
1883
1645
6415
1247
6899
171
2743
8434
3274
2619
4402
6612
7536
5675
7598
894
9111
2745
8994
886
2978
68
3992
5444
7570
3080
2613
9147
4784
7268
2929
9098
5586
3771
270
5372
9133
4394
9904
6522
169
4155
4973
2775
5826
2644
5030
5184
617
4416
865
1001
3298
9511
4703
8004
1852
2819
246
5293
9629
4018
1629
2215
6527
440
4893
8469
214
4780
8089
216
2082
3415
7861
2750
8685
4076
5213
3859
8279
2448
4705
6110
3817
1333
7210
3484
6920
1545
2411
4404
7586
1985
3296
7640
337
3600
7104
9323
3036
7023
7353
309
2066
5607
8403
5954
8818
6636
813
4350
7999
3500
5321
8276
8658
4132
7743
1382
5247
1736
4345
26
7916
6061
8685
2358
1487
794
2463
6685
183
4325
5637
2233
4781
8768
672
5591
4798
3440
2381
8728
49
1530
6258
6761
1633
4655
420
302
8147
4229
4489
9497
9566
348
5375
759
522
5165
2501
1390
3933
8043
7704
8826
9901
3771
245
362
422
5112
5586
8174
6956
569
2562
147
3484
9929
8948
7316
9185
9930
21
8409
8416
8170
1596
1879
7476
2686
3014
4238
3492
4280
8968
4803
410
1555
1434
8286
886
433
2922
2337
83
5771
5253
2511
6353
2366
2150
312
766
2577
5154
8910
4507
4825
5168
2155
6751
6636
5773
873
9464
8353
7197
5051
8138
4189
53
109
6609
2931
297
4448
5813
9596
6850
7245
4838
1895
9506
5647
8610
7036
4540
5878
4810
9302
4557
2668
530
4183
6814
1379
4912
2030
2513
1863
7159
8277
653
370
3876
2579
8742
3437
2130
2863
4142
471
464
4889
7313
1549
681
2710
2629
6273
1518
9799
7823
1906
8781
4272
2615
685
2592
765
5690
6644
391
1549
3759
4628
9728
5805
3341
114
4804
3698
7123
2104
8925
6940
2520
8128
9321
7367
1548
4256
9929
6499
907
5763
3069
2500
2219
9215
3895
7520
7090
3734
8535
1809
6926
2232
4308
1015
5364
7163
7382
1351
7290
3079
8366
7323
4433
5663
1879
1605
3223
8835
6090
3267
2108
9243
9985
3477
5107
2885
5432
6179
4957
9352
1128
2453
916
790
2983
3066
8431
202
9488
9612
405
5355
8336
58
7475
1837
1789
3326
5548
8983
7452
5952
4841
3052
9424
5704
2264
2464
7979
5370
7128
4354
2727
1417
759
6170
812
8793
2990
9497
6821
3397
2678
1916
8074
2853
8423
6216
261
4325
7922
226
5625
6849
408
4244
4592
7747
3413
3153
6476
4642
2089
2537
6728
3294
7459
793
4255
3189
5666
4419
98
7693
7344
4006
6513
5393
1941
5765
4580
3697
5715
6351
7444
7469
9700
2808
2010
3773
2542
2235
8319
1053
679
9572
8777
7215
3516
5339
6697
4286
7145
43
8876
3078
9143
2184
3986
3814
5046
4859
2579
3374
5799
7695
5612
5776
8726
609
5978
5251
2377
5255
7835
2583
8860
241
8891
672
173
1510
3982
8271
1526
556
7726
7440
3257
4212
3281
703
2639
9751
2636
882
3785
4564
3586
4476
4146
9686
9633
4775
8851
8779
748
9191
4942
7795
9339
8465
173
9272
3354
545
5265
317
7295
2554
1901
2700
4118
3392
9213
9627
9206
6581
2312
2107
691
7197
2210
3950
3897
2246
4928
398
2476
7286
5126
1828
1230
6513
4996
2374
4515
8492
1639
2794
4309
1972
6026
219
378
132
9907
2785
7286
3664
8936
2679
5944
9546
7051
1957
237
3160
9547
3200
3658
2491
7964
2108
3455
8045
4857
8358
1328
8710
2874
7157
505
372
5318
1428
106
3922
2216
4933
2422
921
6535
712
3586
3580
9628
5198
6197
1375
380
2351
8039
2412
9895
5809
978
1885
1476
256
4588
1479
2486
1688
3701
2498
968
948
2099
1441
3226
1945
3472
9976
8432
6136
3727
6103
7078
1512
9863
5289
2135
220
115
8340
6944
1980
6548
2454
2545
4896
2014
9065
4644
2076
5021
1459
7375
7190
2729
8590
671
1576
2601
2517
6688
9904
8935
2072
3364
7201
2633
1660
7194
6790
253
8012
3024
4313
8985
1478
2786
120
1021
178
1399
1416
3372
7665
5966
7880
4651
3242
170
8986
9758
3070
392
3992
1470
1192
7569
9388
6454
81
7737
6476
1276
6680
9932
9436
7657
4572
7365
2039
5952
2749
4393
4680
3738
7125
4143
7947
3622
9729
1402
3973
6494
49
4610
4166
7758
5144
9423
3657
6581
5742
1917
3012
5702
512
6287
5851
2479
9128
1241
545
5313
3921
388
9774
1645
8679
808
7168
623
8825
7460
3746
3851
879
376
1686
8386
6532
5481
7473
8815
3899
9387
1158
209
2132
1359
6706
9441
896
7058
3793
7303
50
1264
3717
5936
9532
6369
2519
800
525
3789
154
7238
9642
2994
7130
6398
7176
2950
175
2268
2643
3009
6697
8408
4433
9541
2551
2311
3992
7248
9256
7049
1183
6787
3700
5992
1424
4435
5824
8989
9568
8195
9689
7080
2188
9268
1040
1770
3637
8626
4041
9363
8428
5442
3668
834
2935
2043
1346
938
7070
220
1605
3843
4871
6311
1555
4511
9991
2887
8872
8663
6079
6361
1773
7115
5502
6443
3278
8641
6167
9952
456
3068
5006
9785
7138
4954
6201
9027
2926
5713
9909
5886
7597
2198
4060
9841
3756
7499
2637
1105
3
4043
464
9095
2183
1624
9398
1564
1964
8073
4228
3961
981
9665
7263
6170
5961
689
945
9180
7296
7573
9592
125
9481
2497
4732
4204
4181
8744
663
4445
3057
5225
6812
4026
9628
3731
990
7648
9007
3592
3734
5575
4580
8740
1852
7938
15
6598
5865
7369
9104
3531
8800
7561
529
346
8264
9647
1351
872
5436
6995
3951
4758
8425
7732
7456
1575
1291
6446
1810
7356
5346
2064
9331
4902
2089
2694
1908
3695
8871
8054
7638
8384
8576
2605
571
5513
3538
3234
3960
1529
5625
7113
5806
2122
7822
5315
895
6606
3081
8449
8800
9510
7878
8588
9010
7128
8588
4017
9096
2688
7089
3574
9595
2999
4501
4589
2162
7462
3125
5450
9812
7199
1027
9129
1059
959
1207
825
2581
6348
271
8412
7722
6067
418
9893
978
6643
9269
2518
8997
2920
1331
8628
6310
8795
3285
5402
4413
2580
8810
835
6880
2147
4273
1638
3172
7370
9532
5137
8083
8874
2368
4300
9052
8265
213
8611
3827
7988
8707
6484
5586
8954
9920
265
6528
4965
1702
140
7458
8660
4356
7349
547
1185
8061
3681
3866
8853
191
1478
2080
2799
652
1109
4288
1503
2017
5257
6963
4540
486
6764
8332
9519
6567
6188
3633
2314
9363
2641
6924
8711
7215
2534
8072
729
683
4091
5885
5366
4273
9257
1133
52
296
7043
1481
8113
8741
7174
5494
4696
7614
7415
3254
271
5258
3684
8416
9426
8709
3768
7759
9910
4051
1823
6883
9449
505
7677
233
8265
371
6409
264
3108
2069
4570
6946
7349
803
2351
6408
2925
9339
8465
4634
3796
3666
7930
6308
9897
542
2066
4873
828
3510
3001
3522
2085
4253
7984
9998
4127
764
2582
8081
513
5752
2132
2485
927
5076
3899
6858
1479
1567
6976
542
2370
5915
6454
7385
1698
2973
8641
8027
8032
687
1737
230
1164
1482
7291
2700
8167
1418
5954
6123
8601
544
9676
1988
9197
2114
7282
350
4216
274
5979
4540
2435
8105
1905
1891
7817
9704
5039
4178
6712
4364
3291
5598
3581
9057
9385
711
5288
5809
879
575
9776
2948
8644
2075
4963
4455
318
1617
4477
8738
9
3982
7362
5555
4817
1948
4546
37
7075
9606
1759
831
3570
1148
2951
4963
9549
1894
2854
8331
4069
2263
4224
6771
9221
7621
7962
6612
1476
3445
7213
1361
9575
6
210
4503
5312
7085
8731
6109
9302
8846
519
7299
8075
283
7261
7257
9043
2372
2393
5358
4587
6652
8209
9711
4796
5588
2092
4022
8815
9852
7918
5383
6683
9252
975
1460
4161
4235
6052
119
2241
222
6208
2959
7421
3813
6749
6829
7860
4824
4065
2483
6619
2144
8538
6769
1323
2899
3710
6868
5511
1200
9867
2579
7609
4904
6573
1097
8963
2209
4445
2636
3450
7556
7264
6217
2876
9950
3257
164
3027
182
1547
8982
6704
6254
5331
5781
2430
5801
3335
9015
2627
790
5175
1380
1837
5647
8088
61
7963
2754
3448
1526
6456
1219
1817
9166
2532
8784
6410
3818
4779
7646
1622
1638
4795
1137
2017
2941
6015
3264
5652
3543
6344
8269
975
4758
3116
6718
6295
4216
4527
3965
7617
5785
757
7081
6634
8641
5132
578
6377
9942
2085
195
3531
5395
4906
1885
7043
1751
4238
3580
5036
8282
2434
1749
476
8517
1168
8848
1664
8640
1611
9637
7583
1710
123
4795
937
5163
1769
237
6640
3519
949
4604
8971
9938
1699
5467
7695
6836
9706
535
8322
1976
4552
2925
2960
9586
7217
6555
6063
2096
2819
9910
7286
8434
7056
572
3642
8472
5896
7305
3989
7898
7818
3139
5509
1402
2191
727
4569
4597
2056
6175
977
5353
1473
1956
2726
9433
1224
5384
6581
859
4111
627
8451
3448
2796
7823
5066
282
8847
8732
5763
8198
3400
1856
5935
7906
4049
2211
8809
8091
6898
4625
930
2826
4328
9822
7385
655
4652
1901
6178
2123
1036
6744
8876
7081
87
4802
2449
3233
4311
6113
5373
6197
2675
7834
9967
5720
9000
3577
6574
4911
1343
7215
269
6317
2130
8729
3387
3152
7702
934
8567
9533
2558
3385
4139
9724
3173
5262
8260
235
3862
8445
4013
8209
1066
6410
1485
4156
2183
3123
8393
1017
1239
7354
778
8668
6248
7232
9436
2418
2073
3863
562
1477
7230
4789
8661
7369
6743
8450
3596
9593
4195
9371
8953
6147
1024
9479
1302
7918
8330
2084
9811
9670
3937
3948
8403
4701
3170
1292
5835
9550
2676
4796
9735
5560
8723
892
1876
8842
8043
5694
2017
7117
8827
9936
2478
287
976
1658
2684
9215
2820
8045
6919
5255
5523
6927
1546
2926
7270
4279
7911
8472
4218
9926
9519
306
5831
745
2063
3032
2000
8288
1242
5071
7455
3063
5715
2677
847
9657
297
1180
7858
4285
4650
9465
8059
7242
2777
6594
2509
9731
9826
414
1845
2646
5812
8988
2464
806
5278
2726
573
6844
5923
9404
3837
4614
3099
4788
9302
7376
1267
4458
6297
3200
2951
2351
7869
9635
8828
5408
7971
4768
7996
499
4975
1195
4203
1321
7655
2170
888
2479
4457
7468
401
808
2379
2324
6850
7097
977
803
1351
7844
3346
7357
611
1271
17
7107
8886
5522
620
7742
3204
8388
4522
1016
1677
6245
2787
6109
1574
2448
3082
55
5948
3662
2609
5806
9730
1211
306
4187
1530
7647
9333
1197
4199
4708
8306
3683
3539
2305
2543
585
1254
2099
4612
2395
4917
6378
7134
5765
7795
6679
7385
2761
7997
7089
6406
373
3342
8805
9399
7268
6950
3859
9706
6570
829
5684
5271
4411
8600
7575
5416
8170
8494
9726
3635
8350
294
1849
2317
1693
6085
8226
1504
291
4440
1133
770
7687
9838
9913
161
9104
9682
5688
5030
5495
6458
1110
481
5364
8511
660
1563
5
7344
7719
1486
157
1112
3712
5083
1850
9056
1273
6615
84
1805
7818
7823
2343
6383
1873
4945
4249
1491
8794
5464
9104
2057
2440
1186
6403
174
6280
2900
7480
3538
9836
1264
1177
9306
4996
7295
6071
1570
2836
2625
1659
4605
8383
2037
8052
8985
7626
5895
8281
1074
813
4578
8700
7439
6724
1662
2882
4658
6664
9225
4916
591
8192
5867
1971
4797
2417
3171
4363
95
2762
2655
1736
8752
516
8537
1455
6958
5703
8364
565
8522
8601
5533
2991
195
6606
4926
3946
5484
7726
5457
5752
8095
7740
5869
2414
1674
201
344
1371
8881
6497
9617
6356
1556
3887
2036
1075
167
7472
6444
8729
6387
9930
3843
9801
8468
7568
5495
2528
7575
123
1633
6357
3418
731
8877
3410
5421
3495
7742
3622
2719
6789
6868
2578
1083
1851
9603
5605
3492
7132
8491
4183
6911
83
5675
2649
9234
684
3858
9821
2782
5439
4618
9450
2773
3314
1233
4120
6748
6660
7706
3340
2481
7514
4795
8490
1265
6978
1718
83
8946
8952
6070
3837
973
796
9546
8641
4489
1573
2009
5273
5414
7231
7453
3450
7388
6171
783
4729
523
3272
7698
9098
9583
9852
6995
436
8491
3816
5690
8015
5265
2794
541
1153
4674
4723
3565
3344
2306
2505
3440
2126
3942
5509
4
8654
4566
5582
8581
9209
8550
8889
4769
9637
5986
576
1328
5788
3315
6131
9476
6487
2790
9653
946
617
5512
4793
6491
1442
4065
4761
4853
4643
3767
5028
23
10000
4922
6193
9945
9795
6789
2752
3855
5577
9728
2063
4397
2936
5985
8608
7855
1051
2409
9529
8884
2208
6210
2089
2202
5023
1696
9043
9981
8112
9984
1463
381
9829
9614
2714
1696
6977
897
3318
5011
3240
6626
6755
1535
4063
3676
676
6259
844
2788
6313
865
2460
5358
9678
6930
815
4906
2296
1292
8844
6318
2470
9070
7893
348
7161
9395
566
8991
1024
3410
2529
5811
2688
6818
2376
490
8218
5238
3466
1437
6732
5967
6165
9536
2603
2027
5718
5010
889
4465
4173
7251
2154
900
3054
2142
5439
1804
3102
7816
9995
6583
9047
2486
737
8585
6573
7462
6328
7697
98
6411
4815
9235
9140
3953
9595
1199
2981
8338
2963
2208
9695
3129
3837
6871
2640
558
758
7489
3677
6579
6329
4413
7509
9638
7370
5619
9145
9786
6551
1659
4860
3542
5717
8922
8225
6283
1363
6037
4316
1766
7786
3204
2027
6763
2817
7564
7559
2762
1926
8218
6881
8651
2582
198
5566
797
3595
9264
9132
5114
5178
268
9278
1979
1895
315
1283
1122
2303
3252
547
3775
1928
7633
7108
7884
8082
5917
8894
2646
583
4498
3852
7093
7757
4061
7218
1101
7077
8542
5541
5264
6657
9025
6750
9708
1408
201
9970
7235
1556
1909
7144
7864
7560
4417
836
3157
597
2754
7895
1231
1200
3868
1226
9132
8364
4009
2162
7938
16
2272
9464
1745
2941
1308
8088
9731
5144
5811
1429
3074
9183
3427
6975
8076
5212
3978
5669
3409
5014
4018
7692
9031
1083
4309
2193
1687
6309
405
1976
4771
216
6950
1954
232
9675
8388
8739
8361
2353
1405
3835
4024
2752
2640
322
7294
9953
9945
2319
9160
729
5241
6054
8159
371
8068
8201
1371
1004
1494
2877
5610
1073
1631
8915
3326
1711
5589
1558
5222
6826
9984
4675
2397
756
1207
4869
3418
7979
5743
8054
622
8060
5369
922
8513
327
1659
8955
6195
1078
7877
5723
539
3288
8584
683
3321
360
1655
6810
6015
3478
515
4169
4668
3665
8672
179
3189
2791
5242
2869
2172
2065
172
9353
3301
6757
9277
7951
3862
6080
5275
4308
7426
8689
8807
2445
2205
4437
7681
6632
8689
4530
6241
6324
2534
8402
6930
3220
1129
9015
6577
3317
2352
7025
3308
4096
6277
8294
7673
2475
1771
7538
7292
1541
211
6406
4806
2116
7837
912
9882
3333
5567
3328
9133
6172
3563
3867
5765
8366
7834
5816
9385
6972
4922
8135
786
7019
7269
4703
6808
2539
8718
1725
7124
7733
618
3933
585
4164
1589
5976
6828
3865
1219
522
7139
7004
3310
2646
7315
1868
8919
721
6509
9666
5045
8102
2031
4629
3888
5814
5382
242
5956
307
3083
604
3681
8833
3358
8553
5175
558
7739
7058
6296
9596
2473
8663
8728
6542
6068
150
8835
6855
7827
8257
4810
7789
4998
6369
7054
8763
3593
7645
8902
7988
4134
5280
3271
4261
135
9034
3826
2042
5893
4672
4754
9628
3321
6488
3698
2100
9933
7040
2583
4646
9187
3390
6001
8333
9349
795
1000
4574
3144
3361
5433
4861
6064
5997
5516
3446
8369
381
5877
8731
750
351
1098
8062
2137
6841
1794
4024
873
5478
5709
5649
2409
6737
7328
9027
8808
3867
6032
1577
4474
9797
2056
8533
5312
2694
5381
7978
7011
8397
4886
9201
1357
2376
3145
4112
4580
2638
3521
4526
4269
8576
7069
5957
9112
2695
1665
3908
4984
1718
4709
8170
1228
2084
7741
3055
668
4422
8376
9511
2048
7137
1337
2950
9118
9200
9255
3653
3342
5054
3545
2266
2325
9617
1593
25
1352
513
1581
3465
4602
2358
8430
6640
9617
4675
1145
6171
3281
4871
559
2536
9910
7215
9883
8694
3318
1152
1098
7094
7088
758
6224
9595
660
8231
9231
7908
5460
6639
2102
7401
9512
1202
1904
3815
3522
4751
2329
362
4946
669
8536
7140
8524
1971
2099
7122
8365
5971
3660
7680
452
2974
5612
836
8954
6983
3239
9725
3731
9601
1357
1869
1148
8306
387
2120
1098
1575
8281
1802
7049
320
510
3478
2854
6832
2021
9850
1020
8797
2467
9781
7871
8712
4396
6772
3062
315
8484
1194
2732
659
993
9473
4362
8370
9681
9578
1999
1613
1208
8639
8859
6971
4181
2832
8304
7186
2321
6001
3164
9415
3594
5069
1451
7712
3248
2922
5668
5608
6549
5340
2236
4863
5763
324
3594
9027
8896
4278
4616
3411
1956
5474
9238
1171
8847
1022
1779
4975
888
8383
4562
2249
9192
818
337
6270
4243
5730
7340
9351
6156
9073
1811
1049
8404
2695
5640
4259
7692
9908
6076
1011
3826
6123
4928
8117
1589
2230
7219
3166
9781
9021
4569
9134
1953
4367
2408
1704
6381
3620
997
2674
8275
1080
4235
6314
3053
9598
5179
3748
1801
5752
2245
2244
4284
3616
3324
3171
35
3473
1767
2986
5215
6387
424
9305
5124
1416
1515
6827
5592
1465
4683
2412
9955
6708
8258
8778
778
494
2010
3523
7504
1165
492
433
488
4670
5880
3575
3417
1833
8543
9450
5872
937
4486
3878
8018
7736
1305
3769
7498
3354
4321
6215
8789
3070
9658
4820
5102
4067
1051
2551
1625
5567
4155
8222
994
745
4697
1212
453
2756
457
5829
7354
9576
1469
4140
7735
7457
341
7392
1884
5355
958
2960
8444
5649
187
137
8182
2679
2341
1672
4301
2271
6369
3748
2348
9754
4235
900
1469
4520
869
9188
3902
5656
3970
3252
4683
9250
2508
1872
995
7222
2463
643
371
2755
339
393
163
6204
2743
9135
6213
9129
5185
6171
6963
6056
9599
3806
4569
5472
166
4847
507
7277
4177
7314
2583
2911
3842
4119
8475
688
7356
9132
6568
5533
7634
7803
7061
5438
2534
593
6884
9587
1211
5678
9710
3229
2720
4030
1169
6789
1944
1916
8032
3460
4926
8770
8464
1071
8469
4831
4892
8410
2039
1230
631
3491
7269
1135
110
3155
7111
6344
8087
2693
1031
6241
2389
4065
651
316
3231
777
4065
5000
7028
5205
1410
3002
9903
3664
5426
1255
6042
3315
9743
4385
8417
674
1476
6360
1948
8581
1458
4090
435
4797
1670
92
6494
570
3857
6049
8792
4282
3127
786
507
5491
8410
33
7787
1747
3551
609
6351
9253
1578
7920
1850
2255
3989
4294
433
154
8449
643
2325
6139
5479
490
7681
1203
6862
2020
3669
2510
4469
398
5646
8219
6885
4529
782
3686
4885
2191
9940
6523
9308
1327
3407
709
4511
1248
4822
5533
543
1285
3757
1498
5251
1715
5768
6399
4841
3660
9759
734
2162
2570
3783
2034
9092
5795
6400
6204
2973
793
7857
171
1518
5980
1635
6875
1486
9030
1300
8820
3614
4878
4217
4017
2516
1835
3035
281
8089
1044
9499
2593
4548
8768
5950
2031
3464
542
9929
6096
5627
9467
845
1691
1917
3418
5630
4422
4857
5997
215
6101
363
454
2033
6905
309
4415
5924
6187
9254
1653
3110
1789
3173
5950
107
6992
5262
5655
9967
2986
1100
7816
6575
6265
4860
9827
5032
9855
8835
4297
2670
7148
4139
9982
8843
6204
3163
9571
3331
9435
3339
3137
2420
2097
3854
5922
1142
3206
392
4365
5662
7630
4678
941
4114
6580
1527
3265
29
9744
5308
1573
7341
3712
643
9014
6829
6319
7115
5679
2792
9026
8763
2260
1504
1180
1140
7694
6403
7887
1591
8366
5001
2552
383
496
7755
3484
6513
7494
9649
9023
1491
9256
9183
6758
5171
8801
8722
1722
1407
9375
4298
8710
5236
3192
6048
1241
8322
9589
9105
222
7769
173
984
8642
8212
9157
3188
2567
1237
2621
7933
2694
9513
7035
3495
3703
3664
2472
562
9721
9554
3847
4766
5919
1416
272
6747
7315
7424
956
448
8622
9134
3530
7163
5151
2424
2329
5798
8635
5005
6161
5002
8591
8530
8389
9093
8413
9950
562
1701
3214
1034
7780
810
7302
20
9719
377
2800
4739
3875
273
5175
2071
8527
8689
1398
6020
1973
658
176
2239
5799
4285
5674
1969
7821
5127
3970
1914
5483
4800
5176
2365
6408
7677
5957
7179
2390
1494
1162
9768
2507
3639
6718
9796
2661
5733
4006
7970
3838
1482
430
2483
1096
4229
4680
935
5328
4271
8201
3623
9819
302
9702
503
3227
5835
9728
3082
2082
3494
4229
9040
3743
9767
3774
3400
3602
1775
723
1510
1930
7202
787
399
1787
7648
233
6328
224
2300
9851
5968
3556
1961
2664
9438
9995
9917
7378
1334
1700
4788
1131
2295
8264
2044
8845
1866
8129
842
2132
3088
8518
3679
5678
3004
9482
6846
1501
5018
7320
2975
9649
4959
8562
2370
1060
9129
2251
1482
9652
7896
1558
2628
9364
775
7772
786
8117
999
3192
5801
8884
1709
2420
937
4924
2435
3194
2965
8775
2617
2449
8695
4771
7256
4108
6376
7488
1038
3800
4551
9273
1080
9375
2048
3720
9988
7761
1531
9757
18
387
4535
7223
8529
5187
3168
3093
3184
9348
460
9649
9000
5232
7077
1610
6343
4108
4898
1844
2603
7763
9012
9886
7087
7511
8629
125
5882
6453
8450
1148
7732
1475
1002
6231
25
7687
9780
1200
3156
9008
4330
79
7250
3552
7141
5774
6353
2648
7698
9627
5525
7224
2738
9880
4468
5734
9553
9042
4204
1387
5406
6125
8070
99
9708
585
3125
6281
1583
2243
7081
5112
7355
6095
1953
6313
4831
2084
6540
2922
4023
1928
242
1823
7770
4095
9661
1216
1491
4823
1145
8364
3193
7732
78
1775
5702
2268
9016
1121
1846
2905
7575
3540
3921
9317
1962
8973
8555
1814
2983
3829
7493
9911
5932
2224
309
1055
1458
243
2722
6360
2689
1442
5063
5468
5162
7721
2875
1620
4860
6147
9706
9082
6841
4808
664
1435
2100
6956
8112
2687
5172
7849
3975
7570
7741
112
3487
9562
8242
2038
9302
908
5265
1233
2899
811
5372
8267
7370
1819
2087
5263
5051
8652
498
1310
3065
5269
5931
7769
5765
7172
4956
5926
945
27
614
2670
2891
1037
4572
460
597
8554
9567
1078
1045
8926
2349
1149
6934
1636
5334
7222
9170
3176
991
2849
4379
5409
8516
1646
5173
1419
6536
2586
8129
6942
7176
6396
1039
9950
1834
1252
9290
2217
5028
3638
770
2484
5622
8746
7095
9915
6267
739
7513
6200
8647
9397
6707
339
3656
5379
2453
3564
9232
825
6856
3571
7079
6049
9082
8917
3771
3086
8602
2121
9817
7066
7511
9550
4304
840
3927
8327
9763
1086
7991
478
1678
35
7163
5845
6654
1249
652
2661
7485
9982
3474
3535
8715
1881
3391
5306
7535
987
5069
5145
3604
3305
6394
8462
8162
7388
9582
4144
4964
4559
9911
2457
5122
4021
6173
3310
8786
860
1449
5272
3620
9567
407
7758
1975
700
4506
2932
7106
5677
5774
2705
4799
5323
2238
8478
9315
4691
3988
235
9748
5708
7803
558
7430
5252
239
9718
8356
8543
7276
1647
9553
3732
623
2757
7199
336
5420
2061
7113
6990
1106
9055
3311
1579
1265
838
5002
4752
5918
4007
732
2878
4832
9656
6643
7794
6409
2114
1349
2417
6434
1250
5081
4037
401
652
7280
6878
4997
4939
1774
4933
4772
4040
5023
2619
9388
3231
2052
8687
9159
6760
506
9905
9387
9367
3157
4826
2274
383
9077
1628
9682
9995
5123
6684
9333
865
8324
203
2853
7496
428
4154
1016
342
7318
6186
9444
2562
3475
5016
3574
9861
1453
9942
8487
7466
781
6936
8741
5
4996
6343
4706
5776
4188
5276
4787
6707
2407
5685
4475
409
3061
3941
4636
9005
9083
2107
6734
7715
3572
2431
9573
4742
9167
8875
4377
6472
152
7644
7257
2056
7892
7753
6124
5703
198
5300
211
6030
8638
8014
7805
5277
9251
8226
9265
8374
7941
8469
2425
1258
61
8738
874
8438
2446
1906
699
8119
7023
4056
5348
4915
6990
840
5477
570
7902
2408
2364
2282
9333
4609
7715
1202
929
3874
788
9627
7488
6087
8439
2213
5779
4674
4508
3577
5418
4203
789
590
7797
1739
1086
5326
5786
3313
8476
388
2694
6897
3018
1745
3837
9446
8769
5449
675
4098
9465
9541
5586
625
2562
7109
388
93
8053
2858
7121
3015
7676
8522
5702
5377
323
2863
979
2202
6047
9912
6797
6469
5552
9062
4707
4755
4165
2788
3427
5050
2270
3254
8834
7712
5043
630
9729
7783
9628
4577
3624
1089
5787
8528
7383
7057
7752
9935
9068
28
4992
4815
3081
703
8361
3415
5999
3795
5090
1678
6474
7519
6084
445
2568
6764
291
2208
937
2407
667
9860
9737
2191
9243
3671
3540
3507
5845
1780
4228
8633
96
2754
2303
9350
3151
7879
3270
846
1364
9790
2224
6938
4503
9152
864
986
7942
487
7328
508
8680
2668
9003
8352
1856
6233
1057
8865
3153
6474
3196
7057
311
7835
2040
6800
468
64
818
3977
5265
4010
3738
3380
2734
3011
2059
1845
3495
5034
9040
1562
8954
9795
6469
914
1606
7709
874
1906
6006
4921
3150
6425
3219
6142
524
2086
5876
3182
1674
9517
3233
7679
3664
7091
998
2962
7704
4593
7678
2923
9629
2452
90
3631
5919
3955
3397
6042
7348
8815
4045
9155
2772
6119
7158
7448
2809
8885
5481
1568
7609
2051
1404
6112
7006
7429
3884
8309
3611
9979
5376
4917
6707
6411
3999
2164
9873
8104
4592
8395
1657
3179
2986
216
2245
6546
6333
3501
126
3805
6997
1334
1893
2723
75
8312
6650
9450
2706
8420
4332
5303
8409
989
8540
2366
374
7923
9590
9484
1189
1141
1164
468
6327
8570
489
3609
170
5269
535
2569
388
9716
2066
931
9238
8028
605
4558
3146
1027
3156
6126
5521
333
1272
5600
7746
7324
7828
8006
4408
9873
1757
6317
8111
6452
5161
2526
9500
168
9979
8306
4462
1253
3343
4336
3046
9928
4762
7096
5904
1166
2109
6267
5149
5824
7879
9853
2428
1324
8850
7372
9632
6628
8271
5476
1222
4460
8186
4011
7605
2065
3988
8787
5803
4381
737
7150
876
659
9073
515
4988
9472
248
8866
2661
7849
1979
2453
6810
2008
2888
6776
3643
9901
5128
8396
9091
6027
4693
2567
9168
6805
8746
4715
7073
9303
7999
1843
7978
8851
9667
1204
3248
4937
1543
9787
7588
4949
9553
3662
8297
1527
1681
9203
1210
160
6343
4638
161
7418
1317
3720
1331
6686
2786
3147
1480
7353
4849
1913
4816
6817
2266
192
5786
3861
8057
5924
9150
5940
8928
1147
368
2101
8465
1424
5740
9859
2106
1170
1722
493
8959
8493
5400
3219
2531
1304
13
9931
2512
6349
3261
8851
4946
7624
3779
5375
3996
3484
735
5031
1850
8927
5346
4312
2449
2942
3090
9602
3907
9603
1604
4418
1723
4456
9608
7131
8462
6585
5266
1271
949
6224
402
166
6429
9338
7244
9738
6133
1409
8189
3938
1361
6713
7802
8810
4347
2576
523
7506
6648
1716
3715
9486
7988
210
1879
5600
1
5494
4849
1205
1622
5340
1965
6254
2265
291
5685
1743
4445
2425
8754
828
9445
8867
5620
4606
3607
4642
521
8138
346
1169
6980
3290
4861
5378
4305
5018
3400
4710
9683
2395
1967
1289
8895
755
4183
79
210
4552
412
7519
2130
3084
9379
1619
8288
8018
3945
7
6966
9751
4617
9025
6397
1788
8193
2309
1433
992
7261
2789
3998
339
9216
2686
8009
9297
5205
3998
5240
1390
7016
4232
2183
1773
623
5850
4780
3720
9519
5034
667
2574
9719
3753
276
3772
2568
8205
3679
1110
3602
1222
2574
3366
5512
3641
6876
9482
1770
3692
7445
6613
445
8362
6941
9944
2225
8133
2913
6460
4283
9874
4893
8822
2735
5701
4710
8099
1310
228
4979
1116
8504
7847
6262
8167
2797
346
1696
9837
5434
976
5102
9110
6687
1203
2419
9858
2823
1391
6577
6581
5401
170
1545
1626
1402
2622
1865
6459
7537
9333
2368
1496
1454
6202
3698
5971
8984
8959
5603
6394
7344
2306
4268
3372
2168
6134
7738
228
7234
5957
1913
4492
1536
3654
7747
1628
5809
5206
7219
8906
9281
7494
5345
7484
4304
8938
9590
9136
6253
2189
1419
6111
3766
8781
7076
9487
4820
9260
7240
1750
4333
2330
6671
8969
2855
782
2022
7628
3928
7723
4030
8325
1605
3244
332
2467
1253
6112
3664
85
7226
3772
4425
7921
1616
1667
675
3136
9604
7710
4959
6035
3649
123
6377
1615
5495
271
5352
3166
6088
144
1631
4906
1076
5076
6213
9052
8858
7953
16
6843
4321
5702
5773
7211
4634
1348
3819
7311
1922
2403
6332
4971
7061
7416
4341
1340
7098
2922
2881
1000
4970
4321
7141
7199
2996
3570
503
7348
7088
3799
2229
7499
5932
3761
1836
1345
9976
3904
280
594
4213
5284
3721
5839
1569
337
8244
5417
6804
6734
9447
340
1143
6743
6511
9353
8640
2031
412
5627
5504
3162
5491
5739
3656
1990
385
1375
1618
1764
4373
9935
9355
6554
1945
3425
2059
9016
2485
6713
2493
1790
8520
6844
292
6835
715
5585
782
323
77
9666
3256
2961
4
849
1652
984
7182
3095
8663
7529
2020
9581
21
202
9991
8971
3005
4393
8602
8165
8017
6433
4325
8149
7695
371
9566
178
3704
1035
8860
3400
5673
1987
2049
6655
1759
1304
1088
458
3621
1202
4159
6618
2095
1245
1004
7399
4000
5880
380
2777
1494
1734
6955
8344
2039
3296
7890
8547
420
1605
1987
8274
2142
6444
3981
3633
81
5593
1722
454
3066
7434
5039
9256
5727
2955
3355
8378
2524
6468
7686
7447
9780
3613
8960
732
8844
1725
6593
6167
5449
6673
4383
9415
2703
7170
405
6805
6990
1986
1803
2700
4222
5511
2218
3008
4271
9631
4049
8029
1173
7613
925
843
8467
7955
7054
7834
1505
886
2653
8589
6515
7430
3427
1169
9749
7946
4769
4020
6062
9647
2039
7087
6664
2130
3802
6220
8117
9357
2547
1685
2136
7120
3820
2764
1882
4432
410
5852
1309
6177
8067
6955
5609
8856
664
7097
790
6130
3830
1491
2380
8758
7302
4427
7854
5863
1206
2835
3624
8480
2476
5603
8249
2963
634
3075
8626
9271
2364
5736
3600
4873
904
774
8991
1426
4567
2736
1225
7548
4891
8267
9761
6059
9392
3040
4843
8218
9159
9631
3125
7134
7154
9076
1939
525
1709
7237
499
8663
415
4885
2665
7185
2549
6857
3361
9405
533
1783
3274
7138
3036
3459
6288
8254
7036
9405
2567
2578
165
8981
8751
3711
4062
4024
6282
4299
5167
780
6338
881
4519
9914
4088
2436
2164
7610
2453
8079
894
5443
2573
4479
2191
1780
3254
4127
5891
1977
1080
9737
8340
3325
305
394
3141
2643
1179
4479
5206
4835
5421
6932
6033
8358
9630
120
4986
5509
3207
995
7671
4135
1584
2085
1295
774
8982
5195
8543
1196
5558
5125
7282
704
158
4859
5731
813
4415
7607
3804
3359
4056
1605
8771
8025
7878
1609
6801
4157
2358
1018
4283
9201
6179
8820
3662
818
2238
9528
4503
3947
3529
8817
2195
1991
5591
1335
2862
866
4423
5923
9016
8678
4525
6249
3472
7647
5304
1208
6703
4460
1558
977
9376
3961
1824
9244
9322
5122
1584
3453
2978
3569
7643
8293
6066
889
6445
2311
2496
9876
9230
8017
9442
7650
3378
2173
2280
7932
3499
6808
1569
2921
7781
7492
2989
3715
3574
7033
2678
8022
8791
1558
103
5378
5667
8439
5191
6700
5769
4065
2284
3073
6447
2650
4227
5501
3135
2771
2558
512
6409
7527
9880
8877
5680
6498
2095
7450
2660
3268
3150
2863
4364
4985
6176
5614
489
1548
1941
8795
8117
8368
1280
8731
7105
8752
8594
3051
5053
1401
301
57
3097
6066
2368
1730
4175
1131
8885
6132
4377
6436
8997
2414
3078
3133
1186
788
116
6261
3705
9376
6775
3545
994
7743
4584
1602
5544
1189
1892
741
9497
1097
514
828
8609
2014
6455
9378
8657
4411
7432
2429
729
8449
5678
6426
9291
5570
7676
2447
6712
1772
6535
6182
9863
1282
4623
2178
4157
871
7915
4492
9997
3969
7965
3798
5953
7561
6147
1950
7461
1685
121
6256
463
6635
7178
6311
4335
6606
5884
795
2204
3852
8160
1120
488
1439
8078
573
6822
6948
589
9083
4114
7163
7107
8191
7833
1803
3914
7822
2743
1035
3098
8619
8096
2709
8561
2496
9861
2526
871
4928
3035
1847
6678
2523
2401
7817
926
9813
941
6040
7181
262
3853
1149
248
802
5459
3769
9153
5283
6118
4757
426
6574
6835
2473
9550
1242
806
2879
2829
8641
4303
2055
3093
4516
7590
5406
4263
6505
9999
5897
2633
2039
5382
85
6523
8603
6116
9793
4468
8121
1653
4364
233
107
433
94
1367
7068
4571
1958
890
4839
9952
9138
2672
544
6675
9473
7069
8492
3548
7102
4452
6679
1797
5637
8476
8731
7638
1801
9500
3909
348
582
4059
3853
1485
9805
6742
2752
2714
507
2721
3837
1702
5056
3892
2312
8266
6206
5149
7192
1692
302
582
236
360
390
5480
4672
1167
2854
2619
8481
4599
589
3033
4316
2072
1436
4369
4862
3726
1250
2165
3353
118
137
2260
2546
9607
6537
7723
9730
9551
8983
7709
2558
3553
8913
7557
5614
5627
545
5411
8694
9260
777
6170
8175
8644
4888
4451
989
3023
5068
2656
5749
780
305
3726
2233
4868
2318
833
9575
1080
4987
2313
6215
8023
9457
4317
2622
8783
5303
2015
5193
8878
6754
2072
3985
2666
1185
8688
6985
8481
347
5512
791
5342
3258
4038
8915
3444
2912
1176
367
3552
229
8553
3100
1813
5017
3255
8635
8944
8681
1489
9650
6636
3341
2759
3238
1683
5893
4753
5251
9373
4694
4404
5653
6005
3347
2148
5625
6128
5837
7798
8684
4779
2218
383
3365
5428
5042
6988
9531
9438
9539
9920
6463
8173
1812
4310
9301
3782
2937
4590
921
1902
6634
5362
6619
8279
2230
1278
9187
641
6120
2101
4682
359
8533
2201
2655
6298
2665
3247
5826
7960
2331
7662
4879
8822
2655
6214
4653
7597
9078
3346
1213
4729
9435
7825
146
8223
4398
5092
7448
1633
9711
6139
1458
7495
2349
8201
5933
8784
8527
9359
7151
1693
4347
2746
1345
8078
5573
7556
239
601
3906
435
543
7912
2818
2530
5628
7970
9937
9814
9279
681
64
1551
9514
2871
9676
3017
3656
4172
4191
3295
8837
2191
5708
5767
4393
9601
6720
5301
6118
2523
7083
6776
8175
1203
5718
9158
3272
4667
9000
9345
1810
4587
8797
5102
1224
7549
9352
5556
72
679
434
2619
5326
494
2130
524
5282
6743
1462
8770
9752
1927
9395
9257
3337
1283
3521
1449
4520
7071
2871
7386
3197
6019
2266
1434
3611
7601
8583
3455
7688
6215
2781
8310
1231
2011
2166
6792
9060
5316
1620
5168
479
7926
8932
3503
1813
7290
3592
3793
7159
8951
7371
841
910
105
3280
7550
6628
2413
1874
3093
2795
7323
4909
2637
278
7169
4435
1372
4564
9764
6523
1291
7813
177
9383
9411
7644
4231
4216
2934
6381
153
3916
885
2387
1665
6629
2803
2107
7446
6566
5114
9950
1298
8006
4054
1895
9702
5919
4280
8892
6988
888
1819
8671
7180
7266
77
8659
2335
3955
736
4786
5541
5052
1898
8856
4155
784
4434
992
5940
1123
6134
7492
8540
6944
3366
4617
6659
3665
5321
160
820
9710
3786
1844
2448
4701
8402
948
8764
6760
1418
2381
4345
5096
2526
8092
9016
3438
7565
5458
4449
8552
8741
2024
7436
5814
969
4391
5634
322
1982
4753
9255
6138
7639
6302
41
1107
7723
4391
7600
6856
7083
3814
8050
9497
2920
607
6324
4258
4146
1260
69
217
2556
1171
7772
683
5143
4566
7529
8604
6017
8365
7213
8067
5122
117
5627
7035
2882
7123
4331
9390
2186
5608
4215
3764
6435
6227
1377
6599
6774
1561
8743
320
406
6348
1792
8542
9289
369
6560
9588
3443
6659
4840
2604
1393
7072
9886
3097
223
8306
9665
8723
1837
9989
945
9011
3459
274
5344
5794
401
9696
8656
8658
2151
7227
373
3888
4688
9966
7488
4417
3490
1850
8152
547
3965
7288
4046
2745
7591
888
8473
8432
7966
2762
9658
9180
353
6329
7380
865
5100
3637
9606
2329
857
7269
6854
2140
9452
629
8382
7072
6885
2709
8384
1905
5469
1061
940
2259
8803
6081
9789
4074
387
5438
5076
1047
2214
53
802
8342
3298
8769
6403
4034
3857
5431
7024
7934
2337
9807
5096
9891
8624
7969
937
1432
3655
8861
2888
3518
6414
6116
5107
7655
4040
1400
2476
4224
5643
4314
329
5673
834
9583
9935
7595
1693
9987
2548
647
7222
6821
5087
9752
6910
2917
8141
4804
1395
7500
3815
1232
10
4249
84
2102
6213
8675
438
3914
5974
1289
8666
6760
4847
744
1634
8611
1936
9176
311
3347
7574
3930
8065
4660
1448
3865
2015
9677
1151
9493
8191
183
6857
7526
4540
3384
4844
5458
8094
8158
46
4187
4386
3013
5884
9855
9010
3808
5367
554
1362
8311
4746
9742
2577
5454
3445
8149
5982
153
8795
3702
1031
6277
6777
1252
3516
91
4699
1826
7881
5063
671
4472
1286
6762
2379
8095
7350
2743
9797
2705
6444
4270
7973
8562
4955
3039
2845
4127
8685
2321
4263
7455
7900
2723
2804
8990
689
3858
1191
8022
2785
1098
2161
1868
4562
2317
4065
9584
2491
2279
6243
2468
460
9169
3316
3808
7604
3919
1095
8418
164
5951
3669
8897
434
2798
3944
857
4959
4470
2089
6169
1868
35
3094
5417
4632
7676
2377
5847
6344
403
9994
4942
5246
2933
250
6306
3476
7430
5612
1428
156
5559
2715
4638
8054
6437
8998
5229
3859
932
279
5794
1973
9541
2494
9655
7783
5579
51
7522
4129
5171
9540
9015
5093
1937
5078
4287
3304
5741
5315
4589
2560
6580
3931
3165
9018
2582
7209
1507
145
9757
1006
1066
3253
1815
9178
4613
8289
5216
7704
8181
1615
7473
3171
7365
5691
9009
7511
3389
9426
6617
628
355
966
9197
1553
4842
9365
8540
9324
114
7971
2845
159
3563
1934
1895
5171
5171
1824
2230
6602
3271
2349
1029
9621
925
9659
6187
1324
1125
9196
7893
5180
6676
1424
38
5585
205
2918
2742
353
2498
1184
2378
456
5030
2028
413
1236
3406
990
4242
7602
5652
8723
7925
9122
8895
2072
4728
3707
2417
3278
3001
2396
8054
3089
9425
7737
4429
5105
2629
4049
1131
561
1453
5262
3563
854
9130
2405
716
846
9793
3917
5583
3667
7546
8939
4254
2173
7868
1437
9592
5649
969
8911
2780
5866
2415
1014
2863
6366
2300
7368
9510
6572
2384
298
189
9045
1577
9678
3992
5087
4935
2171
5203
7901
7642
4017
3776
6129
6998
1941
6851
830
8132
93
1875
1059
3286
4604
7200
3221
3154
1533
9387
1082
9465
3640
582
7775
6888
8324
6679
2627
2170
286
6824
978
3265
9095
9729
7037
3784
6708
1334
9419
9181
5582
2914
9669
1
1751
4837
2735
9427
2035
6307
5654
3438
6775
5055
8768
5319
6818
479
3782
4921
5127
4629
7474
7831
4884
8167
7686
3578
6169
2059
2556
1645
984
1729
4089
6973
3586
5045
5281
8183
2044
9602
4305
1499
5253
1326
2586
4432
667
8123
1325
4118
382
213
797
350
834
3404
2264
5417
2049
2683
6404
5885
3413
7944
1940
6122
4652
1737
1781
7616
52
1333
9690
5588
5273
1756
4811
4621
8590
595
9427
4381
2096
8106
4910
7141
5131
6309
7419
3082
9490
1504
1489
7857
5952
2202
9476
291
787
6235
3702
7692
9469
2882
4152
5797
5387
8877
9861
1878
800
2672
4718
2306
9729
3652
1551
112
228
3245
9490
9572
3222
2523
3358
820
8716
7882
8172
4304
1246
4499
8587
2271
3496
3886
5262
9732
2034
1567
4406
5026
9018
153
754
8178
9561
3428
8535
6778
7315
4361
684
8801
5860
556
867
6401
5027
3204
902
9433
7638
2661
7287
9751
1310
2243
3690
1447
1240
4408
9490
8488
6463
2626
9730
4256
5761
3122
6988
7478
788
834
6729
2198
5138
8888
3417
9053
2475
3594
3001
6165
3921
5967
8437
9654
8062
6878
863
8683
9683
1089
8403
3986
9565
2409
4586
2020
7617
300
8583
2625
9314
9333
3689
2110
8381
2675
6488
6064
1856
6558
3962
1440
4711
2595
1216
1572
5928
3262
6841
3924
3627
1004
513
4375
9018
8373
4137
3869
6769
8229
5535
991
5820
8608
8382
2866
6326
8957
6100
321
999
5095
7448
6940
1443
2604
6412
5167
3062
2369
1372
6105
7225
4362
1266
2572
4253
412
9655
2476
2745
6519
3375
8655
6448
4613
3493
8007
3772
7704
6060
4777
3705
466
6808
5268
8968
3457
9824
1225
6354
6191
1140
612
4215
2603
1120
1567
3441
2211
9337
1433
189
4956
942
2817
6071
8149
2463
291
8931
764
9012
7983
2511
484
7855
1009
6196
7258
5035
7836
1429
509
9753
9281
1754
749
6611
2709
9019
183
8311
3551
573
3494
7620
749
6597
9979
9070
3398
2370
4630
8146
8558
4221
1222
5032
5196
8218
752
9997
5922
945
2132
511
1456
6585
9525
7585
7416
6627
4531
5869
8087
8782
1201
8870
9793
3140
7422
607
1278
4246
8726
4435
3484
8849
9776
5242
843
6948
860
4914
7535
8005
3359
881
4640
7807
8764
1667
5467
6176
4773
3759
9046
2053
4550
5168
2882
5082
6055
242
3278
8130
6061
7691
2574
670
4265
2316
179
2185
6373
8832
9261
2737
5811
8021
1077
2403
5707
2564
3946
3550
7631
7894
4115
2746
185
8598
8553
5011
2480
3595
1779
7181
873
5506
2947
5468
3835
1482
6353
6083
6258
3043
6052
5719
6598
487
9465
2476
531
7286
8299
8897
1906
1114
201
5576
3864
726
8171
9782
9853
454
4556
6917
8221
8786
2845
9465
1417
5960
7260
8680
1354
5981
2925
7320
3859
2059
7713
2485
6999
7864
1273
5573
4663
3189
658
373
1512
257
3171
7752
4055
3061
4127
735
1624
8979
582
1443
2674
4832
8
2368
2678
2797
3263
3885
6756
682
183
4770
1802
7932
6746
3968
8458
3580
3585
2092
9230
8146
587
3251
7526
2295
9462
9922
952
845
4538
7869
5353
2409
5394
4661
352
3012
513
493
8238
8461
453
4028
1808
8906
8660
439
2399
5914
766
803
9461
5893
5812
2111
962
7021
1509
2584
9011
5223
6983
2232
9926
7163
3426
8190
7438
1166
956
8200
9512
9961
4079
75
231
9984
1026
87
3857
3507
437
4465
7588
6604
8779
1664
6086
1972
4903
246
479
727
9200
6766
7894
4494
8860
704
8873
5108
6473
7851
2813
8380
7539
5083
5985
9202
6221
9510
3990
6610
2813
621
868
8401
7783
9689
8405
9873
6258
1256
211
6522
9125
9673
7308
6731
7370
2312
7001
5998
9009
738
4162
4904
4817
9105
1566
5144
9448
4044
2215
9630
7324
1940
6733
2717
3953
6519
8924
2076
8639
4610
2173
7845
9234
6186
1714
3130
6612
8240
8807
1070
1637
2423
5075
2119
822
80
702
9703
5983
527
8973
6672
9850
1734
4487
7061
1248
5701
5199
9634
4326
1660
498
481
364
1985
1214
2642
3456
4358
1447
2577
9207
4434
3620
9538
2443
10
701
9790
6697
1771
8493
8768
2721
7379
842
1191
1993
9517
3048
519
2048
6114
6729
6291
658
9778
1402
1146
8459
3370
3955
6081
455
2570
6126
3600
5780
7073
9045
3920
5296
4852
3263
6642
249
9665
2682
2004
283
1749
2076
7936
5282
9562
7049
2150
2148
5480
8896
8684
6921
5859
5
5985
1426
8600
9947
442
3387
9036
617
5624
1080
2821
6798
2419
5961
1733
3238
3115
4106
4919
4617
8186
5657
5949
9519
1010
1405
4805
6867
2224
7827
291
3444
1707
6524
8560
3456
3126
7032
6022
2184
7275
6187
228
3633
7916
7065
1850
1441
2510
4284
3049
2324
2797
2312
7105
5133
9134
3364
1143
3981
1197
9379
1962
9993
5979
7457
1693
6055
8878
4931
6038
6208
9025
52
363
2093
4641
5519
631
5334
5958
8941
8900
7874
2989
840
9980
6766
563
259
4917
9930
9194
1758
6814
5544
7603
1528
1513
8168
1852
7285
2211
5971
1573
8772
781
3233
1034
4198
9345
3131
7006
4562
3967
6673
1380
516
8348
4695
8185
2691
5284
954
3968
1596
3143
634
5932
7172
3030
1242
1426
740
2788
5985
1694
4683
6716
2957
9697
725
3316
7689
5278
467
8486
6210
7519
2596
9398
1077
2661
6857
141
6030
2970
1973
9897
7676
863
1829
1700
4985
5611
8397
5605
4343
9473
9547
8726
4365
157
6407
1289
6503
6474
8809
6956
6705
6173
315
2672
8239
7969
9019
6123
3447
3340
5188
79
9250
2838
9597
5540
8421
9346
8097
6382
2076
9
9661
5047
7116
4406
7293
7123
4477
4075
1805
9850
9400
746
7831
69
5913
5865
5511
1363
6991
6383
2751
113
5346
8377
9112
243
541
2793
1369
1487
4855
12
4156
949
4652
3063
357
1503
1157
2107
39
9143
2091
4336
4043
1370
5710
9711
1026
2735
1470
332
5389
8774
5066
7308
136
1301
9653
4749
6194
8588
2993
8439
3291
4909
8678
4738
7317
8531
6260
7909
6926
17
835
9733
4304
5948
3880
7884
5859
8612
2721
3114
280
4425
445
7240
6972
7411
9560
3703
2529
4291
4209
5852
1862
9669
9157
6675
3573
1894
8612
4890
8712
217
9946
3888
415
6588
2375
2074
4838
3340
3127
6818
3817
8847
8163
9096
2283
6008
7852
600
2314
2031
864
7830
263
9473
9840
3043
6509
3168
7213
4247
1712
5164
7526
685
3394
136
3966
7280
6686
5534
7808
3226
4371
641
4009
7106
7096
1559
3144
7790
2880
7597
2726
6030
16
1772
8269
3239
9957
3515
5704
3249
606
7309
2702
6462
6238
6853
2652
9049
7428
9779
8431
1051
1235
1828
2240
6049
6974
8975
2312
1777
7359
188
4202
5415
4414
1053
4711
8056
4199
4749
5131
6946
137
2313
2862
6193
2862
6589
6016
8999
5921
9397
4925
3167
1213
8487
693
9542
3079
194
8784
7062
4276
3071
4342
8734
7880
2240
8758
2448
7029
1037
3947
3698
3415
2869
1944
74
7460
4312
4573
3769
6623
1976
1009
4907
9262
105
143
688
4936
5896
8715
6773
4138
5684
5133
2042
7666
56
8253
6596
1629
8903
9719
7943
8084
7641
6619
9700
9615
5642
3486
1601
9587
3846
5896
3000
7849
3005
6005
6964
2136
9966
7582
969
9428
4294
2143
238
1096
2431
9306
2076
8695
9987
2946
1898
2918
1264
108
9123
3652
3022
5319
8520
2166
7303
5349
6638
3128
9681
8336
3624
4340
6085
3589
4934
6317
286
2170
7707
1089
1563
1809
161
5366
6579
6007
1091
9523
8172
9424
3795
5882
6780
4514
5562
81
6148
3393
6408
3234
3922
1834
3705
9570
8379
7026
9817
2955
2933
66
3202
3399
2855
3918
3520
5238
7797
1450
4364
6808
475
4305
1624
3531
2364
2922
904
4648
5683
5079
5354
7219
5701
4134
9085
1444
5238
5379
1990
1177
3857
4678
495
9375
5979
340
2809
1120
3405
936
1098
4809
7316
1048
1920
5807
7576
9796
9444
1720
2714
9242
3452
1647
1812
1981
2183
8124
3790
8221
4757
330
9804
1197
9431
433
2107
1278
85
7800
2759
9063
3992
3630
6573
4207
9213
3899
866
9034
444
8281
4487
212
4840
9532
6936
9530
3207
8891
2667
616
2818
7915
2636
6695
7637
826
5621
7957
8803
3752
5863
2301
9051
3443
4862
2123
9432
2680
7513
1936
5425
1376
8047
6113
581
4808
8106
5573
1200
3100
9235
8655
6096
3411
2103
3942
1580
5931
5167
5391
402
6666
2309
4533
2827
5547
7539
1396
2669
3474
675
7216
272
6421
3641
8851
1437
8920
3004
1840
221
5701
6833
2213
3148
8281
2013
7587
2746
5663
893
9619
4962
6209
4049
7044
2419
8544
4221
2419
4241
2349
4163
2691
7598
3362
5791
5830
5095
6995
8906
3645
5938
1713
3068
2196
7754
434
5117
4152
8692
8301
1687
2173
5014
5738
9208
2995
1000
6633
7738
3839
3626
9060
5848
6355
7144
6044
7750
1007
6168
3380
5438
4765
6267
4516
4283
4997
5091
1469
8229
3099
7525
2190
6878
3905
7256
586
7209
2957
9526
6847
5183
5329
4468
5339
7012
6371
906
80
8744
3833
6202
4399
2878
8089
7964
7560
5560
803
31
491
6043
5764
3423
1275
1119
1160
8078
2539
888
7669
5026
9051
2388
352
101
9372
8530
14
6957
4978
2268
312
903
7297
6623
3912
5569
4360
714
6352
4376
7528
1140
890
1115
2332
6745
1308
8035
2596
5440
6983
7842
5943
3922
627
791
8558
6395
1966
3913
313
5023
1943
1203
6828
8893
7174
9696
2325
7832
1110
9617
1821
5694
9099
343
7736
352
2741
137
8208
1172
921
3330
1346
3089
8901
6493
3980
1719
7080
3702
5729
3506
1249
3900
8668
2560
217
8740
637
8204
1101
5881
7357
9758
3943
2455
9926
7281
406
6033
1568
7989
4150
8455
8096
4698
8941
8565
4234
6267
2083
1563
6465
7422
71
3780
471
5614
5557
9936
9606
152
605
1281
9043
8505
8092
9346
6943
1601
1979
2588
5794
6437
1503
2428
8447
5058
5540
817
8836
5858
1113
3280
3359
5214
214
7029
6345
8400
2055
8300
6842
2446
2161
2568
1002
9466
7150
7924
6893
4419
8926
8071
8745
2186
4166
6070
3661
3686
7279
8466
6513
9730
5712
7948
82
6825
37
9526
2374
6381
8745
6630
1085
880
4863
1712
2101
2524
5830
9470
9012
4519
3733
3205
9203
498
1783
7981
8897
9896
997
1943
742
6708
6532
2442
7609
936
8926
8547
1093
143
7595
2094
1143
9991
6062
2081
4894
978
9022
4751
7070
7715
5445
2881
691
7280
4823
4541
9376
676
1796
5849
5918
3502
9928
2481
803
496
7283
6592
1489
5389
4157
8582
3126
3048
6900
1210
8383
7715
6250
3374
3204
8557
5832
8915
424
8031
4981
3737
389
5583
1328
6180
1181
9180
8602
4326
1836
1660
6543
325
4529
2941
9683
7117
7036
9298
1246
4619
3549
5213
1687
1021
2381
3099
456
2815
3120
6132
299
8573
5591
1843
9505
1392
3828
7923
956
2021
2942
2084
3628
573
4862
5978
7300
974
178
5013
5056
3698
593
6598
6908
5627
2401
603
5900
7493
1657
7322
8994
5360
1468
955
4497
9635
4193
9037
4505
5684
7486
3694
4785
7856
1886
2796
7545
9506
2690
9679
4247
5059
6163
2881
893
3966
3897
7362
9773
1077
890
2456
1154
6488
1810
8682
1029
451
767
9710
4169
8746
6135
4384
1749
2386
8683
9578
2829
2607
307
7045
6820
9478
6121
1899
7269
6124
3099
5639
3471
3099
4893
278
9808
2126
4298
6760
2086
3085
1256
3955
2275
2417
7917
8024
47
5776
7547
4857
8500
723
1599
6832
741
1894
16
9372
4299
9965
9071
9201
3886
2782
6951
1882
1562
8522
1151
2896
8910
6468
2583
6435
3025
1218
1930
5513
3466
4859
9993
2291
1781
5901
730
263
6060
9705
4908
6140
7655
3902
942
7787
4463
3512
6800
719
4259
6935
187
9067
6532
932
6414
9697
3561
8513
103
958
6815
2340
6746
5126
1775
