301
1000
967
724
759
5
222
708
93
366
38
314
356
98
31
561
426
170
534
506
304
193
884
923
881
459
382
944
658
4
402
346
850
349
823
528
787
866
28
759
281
498
282
266
110
969
729
803
282
475
298
467
800
157
916
206
370
211
253
196
493
563
68
51
993
964
742
445
239
697
783
381
170
9
557
559
546
475
425
858
57
60
704
536
827
231
306
820
645
78
249
701
370
455
261
186
93
934
905
917
770
457
57
369
94
673
790
384
744
349
637
626
179
32
82
896
284
104
967
482
470
744
86
286
987
718
731
678
644
912
328
336
789
36
838
366
247
27
957
945
545
725
823
651
730
326
874
947
891
866
14
24
736
665
320
263
326
375
437
156
583
851
75
377
791
256
371
660
480
972
663
926
812
461
914
325
978
912
87
101
592
804
772
926
516
857
286
692
395
327
281
572
978
736
108
456
968
870
322
388
562
909
298
759
696
555
44
689
521
320
577
254
150
401
771
512
11
167
483
378
960
197
372
993
19
646
166
680
595
558
824
68
390
68
883
890
841
462
560
98
409
648
502
314
559
540
12
228
815
211
190
611
336
273
552
597
820
429
360
228
440
674
745
332
250
981
10
452
710
570
806
823
819
761
392
139
361
302
706
365
437
167
53
955
72
248
609
476
881
498
109
702
560
24
900
928
615
3
854
383
255
669
8
980
843
616
350
868
125
433
530
390
780
43
766
400
796
274
799
305
626
91
468
242
504
88
41
452
81
998
420
575
457
743
190
802
702
470
321
382
176
140
845
561
872
615
919
5
364
697
588
344
339
483
267
947
638
743
190
147
637
185
558
669
316
708
524
636
538
614
822
522
128
31
743
574
190
486
616
255
923
2
647
294
488
246
446
187
87
327
514
370
926
553
219
785
120
147
180
210
353
167
473
134
617
646
54
180
544
561
864
174
638
872
117
909
668
516
308
290
470
846
181
61
245
920
401
322
182
368
7
102
598
282
472
82
773
454
758
307
456
305
710
4
701
178
351
588
128
992
471
121
222
499
568
809
286
871
205
899
572
285
858
534
320
941
587
708
543
123
96
938
47
484
306
2
592
202
639
111
509
407
859
238
7
154
992
578
392
351
99
875
646
804
993
577
755
155
958
307
632
721
256
490
358
898
382
374
15
681
273
843
105
323
764
736
573
346
241
921
299
808
599
99
520
496
676
889
523
508
32
986
239
776
366
441
347
172
32
605
764
19
960
793
134
335
586
930
894
332
579
768
663
784
57
164
599
69
113
564
904
873
100
532
645
481
553
914
101
499
133
927
117
287
139
554
408
867
767
617
967
244
205
694
734
590
198
677
309
223
983
756
37
427
286
16
359
701
624
141
567
102
194
523
117
489
991
896
187
111
853
871
77
672
60
332
478
628
787
193
835
56
167
260
513
704
558
988
914
754
122
476
671
507
34
122
623
84
103
377
861
354
965
455
801
404
762
486
459
72
696
815
914
335
495
989
782
947
719
213
394
100
1
383
935
63
577
667
456
940
806
732
205
916
592
672
203
365
660
812
424
925
634
328
511
286
791
967
950
552
150
5
378
659
13
443
272
423
319
319
520
113
894
807
921
413
269
43
374
202
316
814
245
482
152
801
411
804
295
69
41
890
69
626
734
544
526
881
517
534
598
518
213
67
844
37
566
293
636
103
221
704
496
644
187
345
374
42
891
446
515
819
475
953
536
83
612
743
437
240
421
644
589
449
956
460
133
235
414
36
432
603
881
115
171
35
699
675
527
84
513
704
366
850
527
974
181
136
662
233
60
979
335
829
43
251
456
408
915
859
70
688
711
304
510
351
524
634
353
933
883
969
130
794
240
648
926
544
6
289
83
394
708
133
528
670
814
604
916
166
815
686
326
854
364
190
85
519
734
669
851
877
614
219
355
538
526
78
524
22
322
794
304
268
634
390
455
369
64
141
354
922
930
403
97
911
385
517
548
865
129
485
342
94
671
844
288
485
764
857
565
863
13
383
100
98
300
282
902
899
329
244
284
584
562
285
219
329
80
496
920
625
305
71
839
943
108
860
854
115
492
341
212
20
334
276
947
585
375
461
369
265
448
305
505
672
224
247
920
877
121
614
450
170
268
1
741
872
85
770
994
574
456
743
757
546
848
700
869
37
999
954
955
567
369
199
310
960
368
57
816
620
228
843
944
72
291
231
901
99
336
558
145
938
611
386
408
523
221
101
446
17
46
905
674
937
347
548
813
355
712
598
179
661
486
368
696
563
59
357
