62
701
1578
1812
936
1695
1805
99
1858
958
243
373
697
482
785
1004
535
1779
703
1081
10
1605
368
977
1453
494
713
898
832
156
1399
1631
108
871
1958
1567
752
1420
116
1475
1779
1929
76
88
1808
931
217
1750
1752
1998
248
1414
1137
768
1748
1244
656
1480
1147
622
1227
1800
1091
811
1631
1095
1720
1303
262
162
1312
125
586
1582
329
1150
301
1442
1075
384
1069
870
721
54
316
1591
180
1246
211
1729
847
625
563
55
1162
238
1524
132
775
1968
1050
863
1516
862
789
828
201
653
846
702
489
197
1799
1149
546
1169
489
1948
1240
1950
416
777
399
584
1738
1161
316
230
1515
732
1309
445
409
824
1754
1301
983
1574
414
863
68
262
990
39
84
1083
419
601
804
572
1152
1369
659
648
662
1862
1111
1483
159
411
422
1888
30
1545
1098
1717
197
609
599
965
714
1482
1811
292
1005
1060
1164
1659
1562
1882
1873
821
1537
76
1916
361
1020
1996
1249
998
194
462
142
1333
1172
1257
831
1831
1920
1513
398
1144
1372
1387
1620
1331
1863
1715
1352
1359
1469
1209
15
1667
1417
696
990
428
377
1452
186
49
1323
1116
1165
1547
739
503
1784
321
1139
1786
1739
739
678
638
509
278
789
1266
305
1407
657
723
1517
1450
1709
1162
1281
1850
915
1133
912
851
1093
1160
63
1249
1761
880
1597
1713
224
766
1804
1376
1701
1472
1701
659
905
779
1515
518
1918
1988
368
626
1482
1207
1519
621
836
116
1882
1485
454
1938
744
1649
289
1921
868
1394
191
841
119
1420
1529
560
1127
859
987
1874
806
649
1814
1497
1277
268
1700
1374
518
729
865
411
1004
895
250
95
1453
1702
1403
582
1407
1374
1456
1701
1797
477
1025
496
1182
636
203
1475
842
1504
1935
1424
1907
568
1479
505
184
404
1504
202
1158
646
981
338
1268
1605
1201
753
985
1276
331
344
1279
1902
1578
562
1471
610
624
1813
1120
518
139
1372
633
85
1831
1002
1756
1867
775
108
1427
671
1537
421
858
1045
1303
3
1836
1344
1278
322
597
284
1346
1961
810
23
1466
1172
727
880
816
126
295
1246
1917
317
54
80
1228
926
857
16
961
1406
1728
1203
608
79
1400
683
657
1244
120
959
1014
1083
1725
483
1597
140
832
516
1872
650
1440
1338
795
1462
1495
251
178
1134
1707
849
192
1160
710
499
286
1914
831
1774
1729
518
1553
1503
1538
493
702
714
280
863
1440
1844
987
84
76
527
925
997
1322
826
223
635
693
452
1071
603
1734
350
1781
1607
745
1957
898
861
935
1486
897
938
946
1055
177
537
1646
1775
117
1252
1928
1587
163
1043
1366
1246
1479
1271
1746
474
582
713
54
913
308
1952
1967
1194
1972
293
390
719
849
1594
1110
1217
853
1166
374
960
991
1906
1171
661
1014
1023
798
945
1834
50
1254
1684
616
267
23
1089
606
413
1534
1814
153
142
128
1504
1418
1064
565
524
1767
558
393
549
1610
725
1200
1764
630
663
1872
1344
205
675
1071
1466
1451
1605
569
1014
1443
136
1943
1260
46
1536
200
1887
905
1138
1398
1421
1524
578
1800
675
500
76
119
1773
315
1247
678
862
530
767
1756
1320
1024
611
1712
575
1602
1951
1152
593
1399
1660
486
1908
133
277
1896
1467
1135
1388
1032
1218
208
1746
239
1432
1268
1862
1892
1157
267
1131
1584
868
1164
734
1554
1649
395
860
829
998
1615
1003
709
344
203
1378
1065
588
2
213
1110
1553
60
708
587
1357
1335
898
1276
882
904
1
1537
1844
1601
1222
285
100
1406
1553
1359
1766
1239
1109
1170
720
1986
265
1618
82
1682
580
892
1541
1399
611
1399
1025
515
53
1928
1178
1195
796
1562
599
1714
1378
432
40
1993
892
79
62
1466
1079
512
47
1121
942
980
1361
373
568
573
1288
94
1537
619
1285
206
827
1282
180
1923
1605
311
607
525
311
1357
323
1785
672
1045
920
1145
1815
211
834
1282
1092
289
1700
1680
1816
1932
393
1537
494
908
1354
949
1528
1610
17
640
202
156
1706
714
434
1257
541
1437
368
1266
984
765
23
582
1580
156
1330
1892
247
1097
260
1585
1950
395
1424
633
1308
1437
1016
514
309
929
42
170
1598
1602
216
1167
1783
1378
1138
467
771
1720
1971
772
1025
1462
445
593
517
274
1402
231
1535
858
443
1374
101
1009
1205
1938
1418
1638
1510
1645
855
410
1931
202
1125
1556
1563
835
1163
48
973
1516
401
1686
417
667
1140
259
1035
412
477
138
1353
1921
47
406
1565
160
1198
1644
413
827
169
1008
401
572
1138
1199
1156
515
1662
1190
900
386
1436
337
1894
1840
1863
1243
1769
1749
94
472
1632
276
78
1768
620
45
1494
592
1748
1929
1095
917
1264
569
1888
1054
612
613
631
1232
1182
1038
345
1455
456
1303
48
320
759
1701
1694
1870
939
901
999
1127
1703
39
397
1408
1934
1620
305
51
1953
567
1426
141
1305
197
1059
908
300
713
838
595
1621
709
1184
481
1722
1814
75
1862
1109
718
1224
1919
1193
932
1235
1786
1826
534
1591
477
1211
530
804
6
286
1048
1543
1602
39
241
118
1842
74
170
114
116
425
468
1036
507
412
113
1537
226
1033
841
1084
1192
1703
1014
1362
157
1583
9
1560
468
1040
401
552
1598
742
1288
128
46
442
1010
1058
262
1195
384
860
1385
47
1681
92
1032
712
227
755
870
1527
1365
140
1957
1170
1390
225
1616
1728
1712
1674
324
802
1602
306
93
773
515
598
605
906
110
77
1350
1389
1977
1909
1716
1280
880
810
1088
938
349
1820
1883
1129
1140
575
819
190
139
859
610
1172
519
1328
130
799
927
435
1732
993
1541
1956
1277
744
1519
623
1804
1092
434
1045
880
1007
1945
660
96
1167
70
1376
212
1452
56
680
1436
1355
965
1617
1086
1179
1957
1389
1375
941
896
1758
69
851
533
736
223
1554
351
1504
1313
1235
1339
1289
1405
553
321
1884
461
1711
1546
1822
173
160
1945
1331
1908
753
267
643
1418
1546
1740
1740
647
1876
1212
873
551
125
432
219
220
50
929
1446
1264
854
372
1102
998
1852
153
339
600
456
1302
1131
68
41
1242
500
887
1402
218
1396
1961
911
203
1018
1009
1577
65
718
1211
64
824
1498
1279
1694
1539
1273
532
1432
383
1904
136
158
1220
912
64
1243
1215
1130
1714
410
1315
1716
978
236
617
1279
1973
476
1475
1268
1670
1567
1093
670
201
2
1972
130
47
1694
702
805
607
1993
1963
1811
1416
738
1240
319
1723
530
347
1933
1946
806
1526
625
205
203
968
1629
1252
1023
1016
1306
1685
1262
1409
153
1550
806
36
1700
1478
1736
633
213
1164
1835
827
472
1644
769
1971
1270
1380
1253
461
650
883
1937
1689
304
1887
584
1088
370
1277
263
169
558
67
621
1276
108
1117
1972
1167
738
876
771
699
1610
597
944
1175
188
71
1144
919
557
319
1413
1871
539
28
1328
1509
1194
1176
346
414
1561
902
414
1018
1673
1294
1087
1842
1257
1894
1466
1286
1621
1857
1427
538
1652
1336
1722
1351
1422
1482
420
328
319
1652
14
1691
1473
1729
912
1140
1863
1131
1898
1824
1651
1673
1527
1513
1373
1577
15
486
760
1342
1140
1222
1106
1259
1163
1675
684
1484
1306
967
1876
506
77
512
19
1180
409
1924
409
1606
1711
713
417
1316
287
1631
1689
562
951
401
1151
1875
1565
226
245
1204
1068
1518
405
1337
1719
273
1428
118
887
305
767
675
96
1434
139
1946
1422
1920
712
687
168
723
796
1264
1475
599
1284
671
985
1134
753
805
1471
964
756
1453
1863
573
1940
782
488
868
265
1755
1787
420
984
1050
26
132
1147
1393
1530
1160
1532
111
1978
357
14
1097
1989
1114
1805
1970
87
1312
33
393
1248
777
619
68
111
955
426
108
596
1976
1364
586
1705
1511
1447
695
1031
643
1970
1564
274
1410
67
1167
1472
426
71
1629
58
1326
645
1864
1185
1379
661
1823
1660
1539
1285
1577
693
520
695
250
63
915
1706
1751
138
1214
1679
1601
612
208
36
293
632
1160
211
1240
1455
469
367
970
545
1215
7
1408
1471
1046
1993
1145
1807
66
1136
1005
1141
172
382
1614
874
997
473
475
665
160
1378
1290
722
494
378
1780
1533
427
596
1720
1252
450
841
219
809
1367
1815
1199
714
1459
833
595
402
70
555
240
1812
953
153
966
540
140
167
1616
1549
444
218
1
1470
1342
593
514
531
1593
583
1669
1121
1351
1385
1026
1003
1881
1429
782
1747
605
423
730
831
381
1267
874
1275
1225
849
628
224
1110
119
178
380
1063
1986
1905
916
479
1654
444
283
1314
457
1555
63
1099
1306
1853
1248
984
292
1839
1118
1163
1851
1523
579
1961
983
1835
1920
1424
458
1861
54
158
1520
1843
1493
38
461
4
846
525
1151
117
588
720
1092
367
666
1629
1347
1961
412
266
1435
8
852
598
495
140
853
1412
1860
119
713
901
307
927
654
531
156
1088
1299
1470
1199
1196
1077
180
653
660
1182
1418
881
395
1758
1499
1542
453
1168
1853
683
349
1302
1681
1686
1051
756
776
832
403
849
1806
1382
1949
1556
1344
1706
1915
335
1510
1349
90
413
1194
810
1088
0
1503
1186
1505
777
398
206
662
97
1925
43
1277
264
1232
1689
166
823
545
773
1870
1707
1549
143
799
1970
1816
1534
1536
905
1508
662
136
1549
250
1372
1075
867
873
1845
681
126
1671
531
1435
249
1425
1340
1012
134
1021
1959
1904
278
1707
1599
1280
1143
47
1300
402
1382
1625
1838
782
1107
1560
852
1860
548
122
1995
654
78
1788
1989
194
1899
1723
871
1634
395
339
1808
132
1973
393
1024
423
326
1991
1735
367
999
1767
1602
416
189
1827
113
1321
868
1207
1418
1479
701
977
999
992
82
1208
229
1868
269
1691
682
153
1174
645
1243
955
1038
762
1419
130
1091
118
837
328
113
1786
641
1450
796
1393
1497
202
1791
773
1389
544
598
1168
1231
1958
478
604
1686
92
1195
213
1447
246
1609
1820
1419
920
418
829
1542
1957
1003
258
661
1004
484
661
1979
1016
1953
553
1722
335
929
1606
1561
538
1544
1943
165
1101
1527
557
1189
61
921
701
552
731
1679
1001
1586
139
1282
402
389
773
1018
1453
978
1767
1098
275
1560
375
1979
484
1766
397
798
1656
1461
597
590
1099
1895
1321
1658
39
1623
584
242
1206
449
862
182
1460
286
1562
906
1420
1727
1941
941
733
202
195
336
1975
1768
969
1373
1030
1652
1028
1240
472
1354
587
1314
292
178
1528
1914
220
237
256
243
1509
1555
1455
1091
674
76
1432
499
