190
2912
397
14
2989
1005
880
4
2211
2321
1480
95
1390
435
2310
1071
2863
472
563
2042
473
2781
2128
2401
1156
802
791
97
2346
743
2374
763
1370
870
2303
1447
1632
2944
2855
2089
207
1943
2905
2003
1840
641
2162
1899
2616
2499
1930
1316
2899
2919
905
2910
1883
1239
826
1552
2283
2595
1913
897
646
2267
2730
1566
955
869
1634
2223
2674
1803
960
826
1896
2667
1042
1667
290
2040
1545
1672
558
2200
2220
359
630
2078
933
428
2535
1260
214
2833
1222
417
406
616
1687
2242
297
2358
2940
336
1231
978
1784
322
1220
211
2298
871
1306
1880
67
974
2996
2931
2290
2347
2239
557
2807
61
284
1769
2172
38
1128
1403
1567
1518
2094
1659
2456
894
1121
2946
198
1173
923
95
380
894
1905
2056
2777
1346
325
1259
1630
963
2154
2087
53
1075
2788
2120
1691
2494
238
1840
1832
1720
476
2505
2036
474
2829
2810
2087
834
2523
1338
2428
2932
2582
1636
1293
2956
2991
708
2507
2248
1422
2786
1216
671
1830
2266
334
2547
632
2403
1700
2107
1553
1972
1851
1719
616
1242
896
2673
1591
929
1662
1935
642
1408
1206
711
1942
1097
922
1165
2826
471
1974
2486
448
1046
1021
366
26
1431
1131
2478
2120
107
464
913
2542
993
295
2324
2385
2555
1208
528
943
991
2845
2544
2818
2944
1728
1081
1695
2824
1259
2422
1849
513
2056
2248
1418
67
582
410
1899
171
2286
2507
2725
401
1210
1474
819
1117
1040
1712
649
2083
547
1923
1942
735
2650
1766
426
1846
1990
407
2928
415
1593
1407
2381
78
760
994
59
2638
1600
1589
79
2887
2305
803
1011
485
492
1644
1474
1729
1881
313
2055
930
531
2876
2482
127
1820
150
507
474
2662
2704
2526
32
1089
1340
2184
2676
1053
2141
586
1214
2498
1291
1247
1988
288
2127
683
2296
151
2231
2581
1929
577
227
1842
1853
1417
138
95
378
1652
1884
2773
2851
514
2342
1539
1185
2166
1300
2531
1984
2418
2665
2744
1405
1242
1123
2362
1013
916
1945
2631
1856
1112
1283
1585
1283
159
613
1861
761
2829
2613
1860
1042
2207
2673
808
7
65
1852
235
2119
2221
1949
647
491
2313
2729
878
1157
1717
261
1732
2295
2336
1391
1309
513
193
2354
1927
1981
820
2928
567
1195
1079
2758
1632
708
265
224
602
2888
287
676
2032
1940
2553
1193
2932
869
594
2498
1610
2285
1049
817
1190
2989
1404
1404
2834
1851
1370
2539
1219
2731
1297
560
552
2313
2371
1007
570
1151
1738
1405
1901
1442
2643
2175
2748
125
2325
2507
1406
1075
1688
2960
198
2228
2148
347
1048
1401
342
1288
723
664
2252
826
2067
1298
1378
2919
1384
2091
2704
1715
945
2606
2384
2214
1128
1219
184
1410
191
889
2051
1131
1855
2588
302
763
1725
2357
1719
1178
1021
600
344
1295
2575
2873
642
595
2112
2994
1027
2726
2782
1791
1183
258
669
1552
188
1352
2722
1646
2537
775
1503
1259
1217
1039
1434
414
2842
1098
2364
1464
1962
2515
432
1426
122
318
1099
709
318
1307
2204
2787
77
897
2276
846
334
2500
1682
235
2181
253
2764
21
1493
1800
1943
2998
2688
1853
550
529
2227
1030
412
2833
1169
2499
757
2194
1929
626
2686
2866
2465
1637
2401
656
1388
288
1931
245
2376
1300
837
2250
1717
724
2196
957
320
1623
1203
148
2762
166
1215
1425
1979
465
1319
1723
2435
2845
1878
3000
2106
602
1320
399
2826
2447
1768
1751
391
1322
1961
1636
2726
241
1060
2629
1953
503
223
1019
2928
785
1468
1232
2624
2191
2541
678
1423
1174
2872
1617
636
347
1832
2545
1136
700
2909
251
2104
858
1194
2222
99
77
823
1560
1644
1236
92
162
2826
2259
2489
10
2293
294
1512
4
2707
2582
173
2871
2053
556
828
1421
2791
2068
511
2246
261
2608
1389
1125
2641
1710
2727
1242
1084
207
2083
1947
2810
2227
2278
2216
2297
1796
361
1996
1351
2327
2735
2615
226
317
722
2436
2514
322
1908
660
1731
2671
703
2816
1164
1396
2428
1890
1571
2205
2776
576
1461
1623
2738
273
303
1362
2522
1535
2164
423
1919
2917
392
1362
1504
1073
2256
1044
2114
2906
742
520
1849
2080
1984
2175
1757
934
516
2662
546
1572
614
132
1243
2308
1859
2303
737
1829
1691
664
534
53
1143
1826
1961
166
978
296
2562
2092
2400
62
2600
1054
1122
2596
1743
2748
210
2902
590
2322
86
980
2311
1171
2870
847
1301
1429
2976
1868
1319
2276
2707
2489
2671
1383
1867
193
1124
539
2412
2332
2525
709
2884
1502
1316
2184
2304
2674
897
2773
2706
2414
902
2169
1359
2837
2569
968
1043
632
1181
1018
1914
531
1792
2225
2364
1358
1364
784
1118
2010
2498
1337
1286
2732
1122
1042
1565
2593
522
1224
768
1431
662
2551
472
547
1693
2424
172
821
2959
1955
471
1538
2517
2514
892
2196
1743
2576
1465
2180
1218
1332
2358
1419
2463
846
638
1941
312
1050
1824
1087
2413
1565
2712
1628
2889
1097
2384
1566
176
2702
2446
1982
105
2692
2130
2134
2193
358
2274
2083
2906
1169
1594
2722
812
818
2014
2652
2423
1217
1921
184
655
127
214
399
165
2636
1680
2537
1287
1090
2024
737
124
7
2979
1625
1033
2823
1481
1092
357
2914
18
1548
2604
153
573
541
1317
2526
1089
823
2312
1399
2722
801
839
2765
1558
1912
2673
919
1510
1837
1174
2056
111
2630
1298
2325
2387
498
2680
1709
119
2103
2926
1500
44
2588
1764
1367
98
1097
1743
235
1335
2203
1291
2044
2771
1408
888
444
2327
446
2681
512
1152
1405
679
2467
1411
1722
14
287
1642
858
2797
1963
2545
414
1087
2213
2729
2640
2244
709
788
1103
2697
2139
1541
1249
930
1134
2015
131
2619
397
1009
1717
2556
1788
88
2342
1570
219
2556
1309
2436
1374
1037
289
912
2123
1988
1620
1032
1346
1935
2891
1293
1521
2857
2202
2211
2156
475
376
511
2570
2059
2111
991
1559
2076
2584
102
1906
841
1973
2721
750
2364
1882
1663
236
620
2205
1503
885
2476
2385
1115
2525
933
537
342
2161
2488
1038
193
1204
1416
2643
2220
503
1144
2075
1434
1586
1462
2636
1213
349
237
1508
1582
2796
1627
2854
734
1035
1498
1264
1503
1047
2483
2310
839
985
188
889
562
585
2210
665
165
1044
2428
86
938
2845
634
862
1163
1128
221
642
706
851
2748
294
1492
963
938
2394
2618
2849
2714
2842
2171
949
2836
1592
2550
1315
2791
1036
921
2332
695
1779
1779
2344
2045
1243
2990
1985
510
1131
138
1073
2704
1521
955
532
1124
257
1143
1496
1060
988
223
2072
804
1452
2156
2344
2009
642
1268
972
2803
1987
1947
2069
390
391
802
1060
1417
499
15
938
473
2307
1747
2334
1984
254
342
659
2967
2878
2567
1829
1830
450
2686
1702
2211
389
1157
2785
1995
1675
1220
1622
107
1943
634
190
2615
1912
1298
2269
2014
2207
662
171
2810
1670
1787
88
2619
1141
1703
663
283
2426
239
2009
724
1723
226
2530
2638
1695
689
412
372
2044
2939
1671
2898
2668
494
2239
1539
2288
426
1035
1525
196
82
882
1427
711
2548
1991
2136
406
737
1962
1134
2085
800
2967
2700
1331
2750
2198
1100
2895
1122
2010
417
1980
1667
585
244
1636
691
1910
1658
2681
2658
456
570
2025
2972
1412
479
35
136
1364
2004
1968
2619
2526
2268
482
2349
327
2705
2686
1494
925
961
1708
941
1392
65
2878
554
968
2855
1103
735
1065
2696
301
1750
8
2524
2875
1459
2825
2154
373
2106
1876
303
723
1982
2471
95
394
564
1352
918
601
2477
1577
433
1149
2525
2596
635
1845
2087
2823
1703
1028
2857
2322
2353
1372
35
816
1872
571
1373
2388
1131
1001
1971
2890
1651
1287
1013
435
1556
2565
2016
2653
1036
1366
2802
1902
1642
1448
63
2893
992
1229
1192
1346
2901
1892
1745
1129
1214
367
2948
2645
1951
2179
1668
2949
274
874
2451
1776
742
2150
334
2449
269
469
754
941
2874
2341
2297
2301
2185
2923
1076
2532
2487
2174
2019
1905
1219
1593
2555
1926
2321
2008
1495
1064
2338
713
1173
433
1223
2555
2518
387
1814
2909
1436
1495
935
355
2723
1153
916
1938
268
2302
1795
1872
350
848
907
1830
2336
1756
1162
157
421
2030
2466
873
2893
434
1376
135
2957
2996
2304
1184
590
284
2581
2725
1861
1387
45
2098
2703
46
1112
530
1030
2281
2312
1957
1605
2326
2274
2670
1725
1685
2268
2448
519
19
2669
135
350
1366
1140
2037
130
2515
2408
1571
2748
532
2689
1765
239
2099
2358
2608
411
1334
2448
875
1632
2586
2569
2745
992
2978
606
1310
2381
1128
2201
1444
706
423
1710
257
1897
2093
132
175
245
1196
697
809
2184
4
811
1181
2639
241
2556
1995
1345
396
1325
1744
1844
1447
326
356
1731
2670
2190
2112
68
2957
2379
1148
1906
2379
591
1463
2522
1820
1666
2156
255
2794
116
0
925
803
401
507
2603
1375
2936
1159
2238
951
1769
994
268
766
1216
2830
1301
2801
1283
1790
1371
946
1495
2249
1295
1951
1928
1963
861
2924
2546
2217
1790
2436
1218
1387
704
566
1670
1640
2412
939
17
2410
349
996
2978
1182
2578
656
1027
532
1680
1096
2916
1262
2079
700
1070
2689
1335
1093
735
2356
1543
1608
1495
2356
365
1498
647
482
908
2455
2892
1329
288
150
1290
2423
1106
2058
1468
2505
1633
1070
1042
365
1963
1282
148
2056
2185
2187
1924
2619
563
1649
1946
1436
2745
2401
1130
628
96
2616
467
2230
2056
1234
1331
423
674
2861
691
2345
2475
2084
671
335
318
719
2743
1567
358
1570
228
2576
1020
1966
52
912
173
1955
1228
1421
1376
2890
2046
1369
1310
1948
666
2731
1592
265
2304
987
2379
2803
1742
1839
92
2412
1903
993
1981
1553
394
476
392
800
1008
1337
2911
1572
1414
1848
1216
1064
2181
1786
2393
2723
2955
1778
1263
2311
2870
1360
2206
2109
1529
1943
515
805
418
1370
1100
1173
1261
453
2979
1228
530
802
2903
361
549
57
633
2519
2169
1788
1064
1445
1726
1643
2369
869
1720
202
472
1854
1453
847
1394
212
1089
1030
455
406
2811
286
114
1917
1808
2151
1265
645
342
84
2197
1981
1042
701
1283
2455
1389
2565
2899
1889
2169
2490
897
1831
2538
181
1570
1505
1941
300
2955
1474
2360
401
2444
611
2523
2277
1804
1716
1133
2368
295
2499
1333
1882
1664
1065
2713
1911
2151
423
2269
1251
1125
1561
2414
2191
710
664
1252
2559
2193
2021
1131
382
918
2405
1099
70
2252
808
2625
1233
598
2955
312
703
25
2286
2583
1725
485
2850
329
267
2220
1018
2855
1796
759
1746
1287
937
937
2423
677
2458
38
2468
1971
962
511
881
1124
1922
353
337
2234
2326
841
2339
248
1422
303
2376
1882
1099
1929
393
2727
2804
995
1641
1803
1347
1642
265
697
2745
2371
806
1800
2645
175
2111
325
807
1846
439
2361
1657
1544
2934
2592
2579
1822
2317
714
331
441
329
2285
2668
2980
1831
56
1481
689
2592
739
2036
32
2015
1227
350
1521
2611
528
2180
2181
675
185
2902
465
1204
1581
172
1299
2550
353
1088
1365
1443
1631
1486
335
120
529
786
631
1657
1983
1980
1933
283
907
2823
2481
2983
1396
1217
500
1023
1693
2533
1138
12
2091
825
1569
1546
1822
2488
2235
2289
2742
1272
2753
1174
1713
1758
224
1930
2454
2172
46
1361
1991
1826
2706
1524
977
1741
2770
292
1125
1042
1268
2434
87
1806
1747
2124
1371
1186
269
666
470
1414
954
220
2841
2646
2123
2091
1570
310
2657
106
1340
1666
231
2747
171
977
1745
1402
2705
2951
1730
2999
2409
2784
1768
419
1259
618
1621
1800
1275
2975
1733
2838
1371
2724
1940
1766
1350
1280
1352
1966
1342
2639
563
2617
1750
1553
491
830
2883
2043
2604
2208
257
74
361
2921
1730
2491
367
1156
1486
903
1426
1678
771
1803
1944
2817
2934
1341
1759
2953
2609
2097
868
316
1847
2740
382
2165
631
1642
1621
1504
1465
1395
78
434
523
771
2518
1143
2797
2037
440
2746
2493
1203
1094
2293
577
2155
1326
425
494
1658
1239
752
1474
454
1583
2554
2396
578
1962
2057
1470
2109
2265
2874
2361
2211
2251
1625
2778
616
973
2607
2486
26
544
2728
2414
1541
2051
2093
2604
1691
1700
773
1244
1775
1838
8
113
1711
732
2249
827
2980
1057
1229
220
2342
1947
1707
1357
1554
287
1691
436
1397
2597
1839
1422
452
1482
225
2284
2376
1715
684
159
1666
1171
861
978
2432
1211
1162
1970
1175
415
809
59
1205
1644
1922
341
1624
683
2746
17
464
2508
2830
1213
1513
1477
445
105
2887
1168
31
71
736
429
1278
1411
1402
607
846
931
2994
2608
1788
2092
2622
824
2530
1383
2030
2038
1356
1666
2643
1950
598
1275
1723
2198
1449
2411
2935
2624
32
1706
1756
2494
2017
1326
1791
1328
810
1380
1891
179
416
1513
2681
2140
1246
1767
1348
508
452
1289
2129
2283
2261
942
483
2362
39
1763
741
2337
657
2150
1138
1826
2427
895
1063
682
772
588
2242
770
1264
258
1251
1931
1757
653
73
1589
2289
1536
384
1550
2899
1181
1868
1745
1827
468
1068
2975
792
364
943
679
1420
1512
1195
1423
667
946
278
2786
1006
516
1982
2707
2448
48
1344
1051
1464
1821
2654
1454
1539
2563
1811
2408
1038
1329
938
891
1079
431
2633
344
1529
2070
2183
2988
882
475
2423
1965
1641
2461
1275
666
1671
594
2188
1975
415
26
446
2413
2934
1532
678
743
709
1158
1161
1128
584
36
1069
2205
2335
1471
1562
1986
2021
47
712
2328
269
1001
2072
936
1239
2290
2033
2263
897
534
809
228
289
2656
2209
1182
2224
1722
1293
2654
1105
1495
247
1167
796
575
1622
715
1654
2406
856
2474
2557
547
2093
2327
173
1498
2226
2095
2528
1979
543
1176
2030
857
2814
463
2558
1558
705
1852
1648
971
79
2201
161
2521
2189
1886
1052
171
2700
2793
273
2761
810
1310
955
1970
1485
2231
1245
1220
2986
188
2031
1696
2037
2632
1004
2697
1245
551
1679
1778
121
2341
1302
2917
1111
1652
1699
569
2242
2473
2511
1531
1236
2557
2790
1792
933
2467
1065
1371
741
1371
139
1819
1581
1283
723
2397
1328
264
1116
1071
2574
659
1163
1111
748
2340
2291
698
1130
1275
1465
484
1647
1664
66
193
365
664
1109
530
2196
2028
2902
2266
521
322
1677
1656
1609
162
94
1372
283
48
1771
2464
756
2720
1737
21
898
1002
1139
261
859
405
1420
2011
435
1991
2576
46
2000
2880
1833
190
2122
1960
2180
1482
279
1618
1473
587
256
2195
739
1559
2296
1975
2160
116
1998
1761
398
2968
2440
723
1909
1955
229
1166
2984
2254
1829
1331
905
1597
1264
957
2135
868
2311
415
296
2473
385
850
520
2478
1800
2220
137
1196
1767
1967
185
1478
1495
762
1591
583
1720
700
471
981
1140
717
1303
2121
988
2385
522
2544
2186
787
93
661
1209
801
2398
799
1992
1767
1704
562
2948
1101
520
2139
397
2080
1952
2600
769
686
1985
2558
656
1302
1182
2273
978
861
917
737
923
1132
2335
2902
2184
1171
4
1842
1349
2831
863
2906
2169
922
2530
2304
2299
2921
1204
800
1397
494
815
2534
2123
279
2637
2654
2837
1071
2726
2660
1296
25
1975
1060
2653
605
1293
2907
2131
582
833
523
732
769
657
552
2620
1458
773
1610
1270
558
1091
2475
2068
527
1491
2253
2781
978
1189
1018
371
1240
1153
1610
1846
1572
567
1305
1133
95
2285
2342
800
1772
428
1720
802
2039
2541
1575
212
2135
2776
2168
1771
2583
268
2423
1460
1640
2141
530
2482
2965
1979
412
912
1845
448
1574
146
2156
348
2380
2481
371
1984
2381
314
2694
2844
2845
1181
2760
1420
1414
2320
2698
973
390
139
877
1734
1870
984
317
46
1933
886
1236
1908
2506
1258
2694
2121
1802
983
557
2761
2849
2160
1141
747
2957
534
1033
657
1481
1041
1023
1284
2473
1516
2606
227
1992
2747
344
1618
997
2207
134
1992
1117
1820
2598
158
1620
1947
1382
568
1176
339
1269
2256
2542
2789
2865
2466
164
1558
154
631
890
2660
1261
2958
2563
2931
536
199
308
1957
723
1855
193
2967
412
1984
1478
1658
695
1784
1672
1147
898
1103
616
350
712
2387
210
1
2617
2877
2953
2799
1102
2096
2260
963
1553
1996
1688
2864
979
2457
1231
1340
2641
1065
623
2533
408
2616
627
2903
776
722
2047
2784
340
2828
1136
1797
2348
2363
2604
565
1695
402
743
783
1230
1179
