2273
477
12
3771
3712
870
2395
3363
2022
698
785
3199
3807
113
2061
2539
949
1353
3561
3337
953
2590
2289
1165
3783
2126
2215
769
1030
87
2860
894
961
492
567
3107
3254
290
2265
3392
1482
278
3863
3501
3437
3857
1105
2721
2192
693
2138
3849
956
3692
1438
2394
3295
1847
181
1146
691
2213
2772
3388
1840
1768
3767
3235
169
1300
3676
3870
942
3830
2357
2791
459
506
1406
719
3654
440
1256
2218
1715
713
1509
2404
1416
2181
497
3429
325
1979
3355
3654
3367
161
709
2087
93
702
409
3842
211
1629
2390
616
1581
620
1002
1293
3450
721
3006
3600
1471
3118
984
1379
1997
3773
2176
2010
3626
3742
2967
3005
3313
2547
1997
42
1877
3659
1170
2903
2417
3933
3865
3737
238
2354
93
30
3770
119
1742
2079
2921
3768
510
2326
1718
3249
1252
2493
3496
218
2891
3304
283
2261
2500
130
3303
449
67
1958
1795
3254
1431
596
803
983
285
1066
1154
998
3886
668
1974
3881
2900
804
2856
3491
1267
2647
2053
1242
1054
2960
3238
3655
386
3829
1647
2473
814
2459
660
85
2558
3052
3140
1662
3826
1845
2699
1702
1076
1790
2995
277
1324
920
3758
121
303
1931
2632
3287
27
933
448
3821
571
2304
1881
2248
1085
686
2917
1178
3183
1405
1289
1903
2367
361
2615
550
263
3835
3561
413
3885
849
367
742
2229
3974
1017
144
3784
3010
1782
3830
3275
2131
2190
651
2641
3192
3787
1263
64
609
1543
3578
3446
3157
3945
2124
1415
3083
3224
3346
3321
1797
2222
731
895
2092
1449
2525
941
2008
3459
2250
2696
3575
1210
438
446
3353
842
3810
3946
1586
3609
3195
760
2842
1804
3742
765
3782
1227
3528
1018
3796
1413
409
2216
1771
2901
739
1522
813
1013
3152
1103
3826
314
722
3067
3097
1251
1785
1633
663
2686
865
654
576
1666
3461
2813
69
1271
735
3768
2668
2663
3872
2851
2946
39
694
3431
3619
3572
3340
263
1007
569
978
1996
1660
3495
896
1918
2343
2429
1815
2877
2830
3555
77
3359
2050
3309
3659
2242
1062
1250
3955
2761
198
3988
2938
255
1647
1097
360
2973
2930
2733
75
1367
2069
407
1107
133
1569
2947
1911
2296
618
3368
2646
187
3240
3945
2310
2037
3901
2048
2233
3894
80
1357
375
3191
2470
1143
1258
286
1570
3820
3726
1959
1416
898
1604
1397
2980
2319
3098
2229
749
317
201
3149
1322
40
2859
3875
3691
2001
260
1017
3793
938
3791
2353
2408
3341
1056
1805
1838
3775
2758
2715
2105
3470
3828
2333
1859
1562
2721
2833
2376
2451
2515
1594
1947
148
3074
2638
3968
1167
2608
2127
2225
2253
3569
501
2891
911
275
2154
2330
2241
2639
1701
2326
217
1200
583
3941
1946
2481
709
2162
165
858
1141
3898
2038
1081
1856
2339
3682
1068
2519
3195
518
3970
1801
376
3911
1697
2702
2569
3111
2918
3147
2339
2552
641
3581
3888
3672
440
345
3600
695
3241
1189
1922
3929
889
1700
1718
230
929
1756
968
1682
1615
3059
3870
3231
3321
879
3011
1214
3298
686
3713
237
2572
534
1290
2638
539
1351
3491
1828
3933
2923
2940
2017
3621
506
809
2894
980
420
3703
3390
3005
1727
3688
3355
644
103
3518
592
3084
3837
3046
3110
3388
2645
3909
2993
3837
538
1664
1225
3660
3030
2797
951
3520
494
383
2305
748
122
280
3737
3756
1420
213
1600
2665
3853
3922
2501
1939
2760
523
3362
1747
1930
2712
3823
2990
2806
1538
3860
2169
740
1509
2594
1669
1286
1761
414
3739
254
1475
315
3087
118
2381
3359
3118
1591
2702
1409
1405
3300
2601
1256
283
394
3317
663
1294
2253
2321
1821
705
2791
1542
1261
68
2390
2812
562
1237
3712
509
890
2852
1004
2911
375
476
2845
27
240
141
1666
3323
1134
2371
2587
269
548
1646
2586
3008
990
2973
939
767
1243
2040
2995
234
3126
2226
3175
292
3960
506
3344
593
469
3475
3126
1757
3132
1169
3472
3761
2446
1644
2079
84
682
819
3952
663
3125
3693
2249
3510
2524
1540
3897
995
2832
1948
347
2384
474
2624
367
287
293
3305
488
1155
193
624
491
3056
719
3713
705
3167
1004
706
3344
3182
533
1568
525
3017
3821
2407
2332
3651
4
1904
2716
3552
1843
2416
2149
362
2854
2177
2770
2699
3711
524
385
1659
2794
448
566
3609
1907
3559
2958
3965
1398
2317
2600
710
2785
3317
1904
1024
3801
3573
511
733
1444
693
1687
293
2472
3040
1313
2272
2981
1724
3459
3808
3383
2179
3824
1949
997
745
112
2
458
1359
1085
2938
3803
1584
377
2289
211
414
29
3794
1871
2625
1382
2586
3820
1583
483
3927
1477
1239
938
3812
512
2253
1865
2140
1095
1517
3252
75
2804
1892
1620
1736
3711
3642
163
2887
2540
144
789
287
1412
19
3521
2295
406
2232
3191
3684
3884
2921
3936
3765
1046
275
2141
1819
715
3480
1264
2273
1599
3092
2866
1312
3803
2763
312
3570
724
3220
3892
1937
3567
1044
551
3783
1052
2153
3848
3454
860
3743
3444
593
1438
794
3605
2794
1105
3841
2158
1231
2843
872
3747
319
2586
378
2803
3916
1738
3595
3664
634
2570
2985
806
1480
1694
1530
1892
356
281
1793
1384
3011
496
1651
1474
2081
3968
3964
3351
2417
3647
648
972
1581
538
3999
3976
3293
425
3963
214
239
3591
3486
2022
1609
1579
3007
3305
3679
1712
281
3558
3521
2065
2390
1512
2585
2696
3295
2139
2324
2917
3813
274
90
2596
531
2334
858
3705
2235
198
3263
1772
1309
2580
3698
3072
3484
1569
2877
1935
1057
410
2972
3378
2332
2504
3180
2180
3915
2745
3516
193
2776
2891
1287
1385
3725
1787
3359
3331
864
2533
381
708
338
3024
583
3848
1362
3194
1857
3704
46
554
487
225
3258
2738
1386
1484
3506
1275
3585
48
1168
1360
2021
266
2723
2887
568
3890
3239
1638
2242
1970
3094
3781
1654
2416
1503
472
691
2226
3814
1240
3734
2752
1205
3048
417
3163
3148
3240
472
3690
117
3728
1591
2297
1512
3588
3569
3562
1287
4000
2141
2822
2175
3443
1604
3643
1301
1958
385
1923
3284
368
729
3656
2474
3771
1933
708
2000
2031
2388
2879
2253
3061
223
1264
1196
1729
1513
1361
2156
1325
2302
3260
1580
2966
437
464
1376
1993
3628
3673
19
477
1000
3506
3059
3026
3000
2343
2620
1967
2850
2969
2179
2970
2314
2651
2277
555
3342
375
2493
1387
157
2974
905
507
2707
2653
2323
3939
1280
2323
1663
2275
141
1429
3496
1477
2377
746
3163
3248
2966
3670
1
1051
1187
393
3336
2233
3305
1289
2921
3464
550
2111
868
2311
2275
813
3755
1902
2651
3658
13
2348
577
422
2779
1774
2990
1049
2905
2719
591
3242
1324
2963
3858
3162
1591
2532
199
3895
2325
3853
489
3549
821
583
791
664
505
2815
2939
1713
1711
2689
2240
2040
2160
1868
1454
837
2240
2628
2691
3823
488
2628
2266
3320
2623
907
412
262
325
1397
196
1859
2199
375
1976
1719
2427
3592
2829
700
3275
2695
2170
2187
3633
3214
3313
1189
200
1868
2499
1340
577
712
1284
2445
1888
3937
3080
615
524
2446
2537
828
2593
1660
3616
2605
2590
3690
3377
2805
2338
1646
2158
82
1925
1811
3038
2118
1898
2255
3317
3600
1409
1947
2710
3329
2443
1882
3687
970
1540
1610
829
2216
1673
2576
2527
2780
3564
2071
2366
3423
139
1745
343
1302
1267
1162
790
90
3082
3968
995
1717
303
2565
514
1977
1982
2610
1505
2939
1973
43
1318
2716
2511
3625
1595
2539
1415
1003
230
2407
552
320
1894
1012
2627
2555
141
2307
1382
589
695
403
77
3065
3112
2847
1038
1668
1117
963
3639
684
3179
2515
3773
229
255
1491
192
734
3851
2343
568
862
2804
2454
3711
1059
3869
421
1265
1389
1643
1203
2767
3248
3850
3612
305
2490
3655
3844
133
457
2512
1494
2006
2943
3250
3876
2961
1577
276
3992
780
2747
1340
942
2963
2489
640
3302
1078
1235
1339
3255
2188
1658
2722
3159
1033
1154
3556
449
1032
3586
3593
3989
1357
2755
629
2970
2485
3350
1488
2844
3659
3513
115
2906
1848
3202
3092
2750
1805
1165
866
1010
1853
3386
451
826
2912
3139
568
3729
648
2562
378
306
609
3504
2236
3921
67
2132
1152
3609
792
581
12
2847
290
1340
27
2822
2512
375
1861
35
1055
1022
3652
1930
1429
3331
1471
978
2033
3658
1280
1211
2908
708
3978
3193
3470
549
1105
3446
129
1539
3984
3342
3709
2550
421
3265
1659
1948
986
1210
2306
1705
622
236
234
1255
2148
333
2498
1410
595
2677
3753
2534
2312
3602
2714
730
113
728
2736
2617
3528
561
545
1499
2937
2763
2069
1610
2494
3769
2375
73
2873
1206
91
1847
3234
2000
1814
3382
590
1895
525
1027
3766
3278
557
3346
149
1527
3559
688
214
267
939
3402
2404
253
2162
1251
1666
3776
2010
1312
3042
2556
3847
1920
192
538
287
1397
2942
1267
2966
2401
1895
3465
499
1332
1076
3403
1900
2030
159
1058
3567
214
862
1605
2997
3404
611
613
3460
2109
2497
3414
3263
453
1794
2583
3926
2584
2253
2893
3451
1509
1083
719
3536
3889
1205
3611
1424
804
1271
2366
805
2436
2242
2664
2751
2486
1228
17
2470
934
2013
2402
182
311
2122
361
2516
815
2817
3601
439
1852
1504
435
3404
2759
537
3101
431
1335
284
453
810
2353
1679
3727
3960
3838
1965
1314
2766
2044
1776
1837
2327
3281
2283
1416
301
3747
1856
3158
3786
332
638
3117
2576
1190
2481
1556
824
1352
1721
3662
2956
2232
3240
2305
759
3165
3337
3908
1571
1956
1938
1249
2535
1511
2217
1162
3788
58
759
821
2945
3256
2036
3824
266
212
894
633
860
1708
3416
3441
874
1165
3159
1123
3444
614
3168
32
848
694
2061
2142
3526
2838
2410
809
1734
3454
2609
3544
2010
53
276
3967
1947
2640
1803
3404
2958
2938
509
3319
3417
227
1841
2603
385
1940
2313
277
57
1584
2636
953
2858
1459
3898
2200
1362
660
169
1971
673
598
8
1793
1068
2032
162
1951
2094
3943
690
2895
2454
2279
2898
655
3356
577
1213
1788
159
3457
1843
1614
1484
3255
1785
211
153
3430
2380
2243
2986
3610
3948
383
579
3251
616
1774
2924
2545
959
3363
1075
721
2111
127
2964
1085
2580
820
573
3685
1270
3751
3203
1233
2965
2355
1085
3776
2345
2193
395
247
2600
3653
3408
2661
738
624
2662
453
2863
268
628
2943
2670
3080
3701
1427
713
2465
1256
3148
2475
3440
3206
1042
3640
2693
3114
257
3620
108
3192
38
2258
346
3501
2413
2269
3189
2680
18
1258
3716
3960
1152
3733
1546
3932
2492
1700
3887
3865
504
141
2735
2765
15
1318
125
3456
2937
1925
1010
301
190
46
1568
1264
1680
638
3365
710
2516
1069
2158
373
785
2347
3256
1624
2768
180
3084
1832
2682
2446
903
1792
1089
2062
1422
2546
420
3436
853
3491
278
3157
1731
3363
3898
206
267
2084
3584
1490
2404
2956
3340
2770
2668
622
432
97
408
574
1629
1932
903
2837
2124
1999
3151
3838
57
209
2327
3924
3556
287
846
2719
2289
2260
2982
3530
2545
2063
1057
7
1056
1425
1939
1132
2302
3468
1046
722
597
3110
2911
1768
2386
1804
988
2002
502
1037
571
362
2885
3730
514
3474
2337
255
290
3096
1846
600
1832
2091
3962
426
439
1234
2319
3334
1497
2687
64
3422
2592
2612
1021
1185
1930
1211
3153
596
3184
690
3570
1560
2414
2510
70
2859
2187
507
1336
981
2039
3747
623
537
2750
2611
1350
3568
614
2100
570
3717
1027
236
1822
195
3322
3896
1468
773
2215
1908
2037
686
1814
3725
1501
1383
3879
811
3030
1155
2302
1012
1596
3248
2669
2342
905
3832
2086
849
2918
3294
2034
144
264
1159
2584
460
2894
3625
1206
2135
119
3043
2819
2237
1465
831
1789
2932
63
2098
839
3428
735
3178
1685
3587
3897
1854
2431
41
2655
1619
3400
200
668
1227
3491
1296
1419
3374
2637
609
3533
633
2366
2663
781
655
1553
431
2980
2098
1460
3748
162
3677
24
142
362
3155
3766
563
153
3849
1847
3386
3796
1340
1130
3808
3297
693
2197
1688
1674
1252
2227
3120
2814
2954
500
1712
1242
2270
51
1748
3022
1981
1603
3685
3263
78
3517
240
1769
3308
72
283
1533
507
184
1378
1321
425
790
2086
2307
2759
2527
1700
3189
278
2694
1054
2681
3516
2090
422
1480
2537
1074
3970
1443
2484
2988
2196
399
3008
2746
1631
693
768
2929
3373
3034
341
537
3639
118
325
2705
2759
3318
2104
3891
2616
2048
2530
2650
2545
730
440
3263
3671
1151
2094
1273
11
1208
2894
2231
3490
2448
3749
472
2933
1758
3141
769
1299
919
1671
3794
1865
115
2079
1061
2156
2739
3593
116
586
2987
2754
1247
2021
2800
3384
584
1530
2381
3074
3346
2074
2898
2105
3999
2900
2120
1969
1272
3900
682
2303
419
2372
1799
297
1150
1311
3274
1255
3229
1276
2730
3190
2281
3932
1165
1654
3964
1810
3889
1349
1641
3682
2783
2560
3044
1893
1971
625
2286
629
786
1317
3284
2088
3332
1023
2797
1317
1858
1655
802
1604
1741
1149
350
3632
2706
1516
2528
2171
1965
1207
1122
2766
2729
389
2460
1750
2467
2114
3544
280
2492
79
3919
320
2218
690
3371
2807
576
1200
3
1778
3789
1723
1896
1232
1765
3371
228
1430
1107
1545
2249
3863
2286
172
2209
2570
1026
1610
2193
3039
465
3545
972
1878
3469
2939
2419
2015
2163
647
73
263
3182
2169
2572
3479
572
2445
128
2383
1116
469
1932
2142
887
3042
1571
3667
1610
1695
2875
692
2776
2935
2888
1824
2636
1300
2982
3532
2751
2261
1087
267
3256
675
3246
718
3516
996
3850
1326
1298
1974
3820
1896
2609
195
1416
3376
2166
162
2684
2147
2895
1061
1978
923
297
1271
550
1828
3119
3135
713
972
1128
1116
3721
415
1152
3351
2601
51
1222
2022
9
3775
932
1102
211
9
3943
3733
3170
1426
1420
3766
1114
3721
3775
3002
2314
493
1450
2431
694
3062
3901
3540
49
2396
2399
3144
1949
3573
2240
3987
2298
1546
2741
338
3735
622
1214
1774
3853
1675
1871
2956
3038
3497
450
2608
2951
3475
571
1582
1126
1477
3499
2436
3983
1120
3858
1798
3534
680
3489
927
450
1337
3564
1991
120
2523
518
3625
709
3154
3653
3090
284
751
453
1333
77
600
711
847
1420
2379
2591
2950
2204
2651
495
2806
1068
1865
368
2074
1450
3916
331
214
3095
2242
655
2031
2931
3244
3572
1935
1266
3005
3697
393
521
2054
3504
1795
97
2186
1631
1431
1648
2928
2202
2969
2621
634
542
2346
1491
2404
1861
3990
1698
1808
2971
3430
3400
2925
3081
1805
946
1755
3876
1170
324
2381
2468
1784
2237
2055
575
2400
187
2250
3510
1356
330
3998
2218
2349
462
767
2372
3811
2565
2268
312
1664
2492
2575
2554
3847
642
1999
1430
1216
1501
3524
523
3480
30
3124
2685
3306
2424
2795
2837
2147
1452
2939
3868
1339
226
3888
2246
2517
2683
3128
832
1787
2761
650
3972
2710
3266
711
861
530
2523
1504
1995
2857
1741
787
3484
2524
3138
2338
1523
3787
2276
1944
226
1781
619
2725
2511
1219
1594
2151
3429
3501
2250
527
996
638
3042
1127
1419
3282
1552
2982
3093
1200
1229
3180
1999
3364
599
535
34
2793
481
716
3813
3069
3652
1361
3317
614
1954
1082
19
2476
2697
2141
3174
1181
549
2461
3373
2568
3486
2978
2948
341
3666
2413
3803
2817
774
2161
1758
3470
2787
3500
169
3
3587
3273
3739
3670
2492
3924
1828
1032
2296
824
1455
2919
1201
2182
1536
416
915
2388
577
2662
578
1620
3492
2049
361
1107
447
191
540
3474
3863
1837
862
2018
3494
940
2771
2656
2063
2416
1972
1789
3434
2497
2485
1741
2990
541
1163
2470
2882
3853
1086
3150
3923
3912
2994
3626
1538
639
2886
2360
2483
1988
3410
1793
2945
2772
3948
3519
1235
1085
3105
1846
2108
1874
3479
3330
3073
2828
2489
839
443
1671
2383
2852
981
3427
2278
1085
2349
284
2079
1095
3885
3565
2094
3153
616
3297
13
729
3359
2145
2008
2164
3119
315
97
2634
2154
846
1884
1749
1451
2425
2496
2074
3573
1303
274
1977
843
667
3213
597
1704
2604
1755
529
1399
236
1031
1247
2992
390
3249
2552
752
113
1850
1602
3900
340
35
1053
2535
3451
1046
2143
3147
3180
1777
666
3631
3876
2691
2324
2603
2553
443
3957
1106
2343
3421
2286
2199
302
2328
3177
216
3153
3836
638
1206
1500
2841
3725
3451
914
1729
2643
1899
2864
1754
3121
238
546
31
669
2268
2825
667
1345
1713
434
431
281
823
2535
3962
564
1085
2345
2952
2408
3029
3923
2175
1371
597
1048
3353
3140
567
1372
1907
424
2565
145
2827
1046
645
1483
2905
2485
3562
1879
1391
1926
2978
1428
2076
359
1095
668
725
3073
2588
137
2363
3684
536
356
2520
694
3393
1609
1912
2303
2186
1649
3504
2368
2711
1521
2572
764
1155
1835
1217
3414
3314
250
3815
3604
145
1654
2761
3537
1369
1881
187
3749
1714
2169
3707
1109
1161
2448
3617
2077
1804
1139
3320
3526
3218
1138
1814
2691
2403
3807
3665
913
3989
2440
774
3901
1261
1380
1974
678
1881
3537
2401
3015
741
2366
2703
3684
921
1412
364
1429
2286
1729
1889
148
1949
1184
3995
3890
3857
48
1319
3336
184
1123
3283
530
869
1991
1635
2398
1174
1180
3454
3286
2872
2136
892
3699
3507
2472
1953
679
381
1558
1379
2127
2947
197
167
1106
2711
3164
1121
1849
1626
2357
3846
2093
802
2944
2607
3814
3046
573
3767
246
2002
3218
1253
2690
1253
1767
2631
506
1483
3878
3072
3327
38
3166
2602
964
2325
1545
1325
2841
781
1124
1698
3827
1055
1962
1069
782
1834
408
975
2700
674
3897
2835
2935
282
1127
1104
1948
2669
2206
1079
3115
3317
965
3060
1686
1183
133
1019
476
1423
2098
1293
2088
3987
1119
3553
178
143
2785
1169
3048
2834
1287
1524
2689
3739
3309
2810
3920
3379
3369
1592
1596
3897
1198
1958
132
692
1176
1645
2620
2067
600
3535
2352
3639
2276
1422
858
2360
1011
2892
329
2588
2775
3558
1706
548
3238
879
1697
458
2744
3631
374
3436
1360
3967
3243
1382
993
1478
155
533
682
1780
2454
419
3083
2117
893
1135
3807
3420
1945
409
3331
1730
1239
3144
1530
1657
3675
915
3296
572
1032
1578
2152
2209
2116
2708
2931
3628
705
2145
282
123
587
1659
3259
3431
2896
2904
815
3724
2894
1215
956
1466
38
1741
3729
704
124
3643
2256
1866
3410
2029
3685
2263
3450
6
1164
2517
630
1250
3030
1590
1584
90
3833
3228
3177
1603
894
1988
2329
3526
482
1225
76
339
305
2793
1678
1696
2169
1794
2568
3240
3759
2160
2300
2021
1659
3683
1030
1220
2240
3180
2634
3573
2380
209
1064
1716
2788
851
729
783
2527
102
820
1682
3422
1149
3325
3255
3645
235
585
2204
1101
2665
1121
1377
3688
1496
1262
3969
918
3866
2048
1366
1786
3431
3869
747
447
1686
2728
3077
1017
2985
757
3814
648
2214
1175
2662
603
1900
3520
938
3371
3478
3687
1623
3833
2400
3905
2155
719
795
1733
1657
726
497
394
2948
754
36
556
1896
2430
1113
836
1047
2003
881
1975
426
1233
3573
2927
964
670
3029
2690
1432
3223
2434
1794
2221
2507
130
2997
3755
702
3652
948
1389
1239
3704
3568
617
2551
842
261
715
1674
2780
71
3417
2831
1151
2341
1589
237
3447
900
2402
299
2468
502
393
2552
1444
2745
3611
3766
1410
3815
2370
161
3419
712
778
2473
1561
2216
1657
295
1229
2169
1430
202
1848
3557
3899
3555
829
2969
1253
2810
3450
2346
1161
3576
2286
2241
102
3758
440
775
2731
908
3131
1099
563
599
1772
903
2773
394
2006
1613
1663
2984
1709
3587
1248
472
3733
3423
869
3052
1436
2376
2039
3706
3698
630
3230
3827
3685
3595
1855
2836
3999
676
2036
3121
1571
1745
948
1224
860
104
1678
1357
2375
3222
3252
53
2682
391
779
1870
3803
1142
2324
281
3377
2933
397
1950
2721
3811
1111
1470
1158
3750
1428
2297
1889
3662
3615
686
1993
3706
3482
2056
3077
1712
2072
1047
3141
2639
1155
2939
2755
695
816
1290
3271
1770
1932
2376
3679
1904
1933
503
677
1266
1133
2937
2208
2311
3223
1611
3583
3597
3444
1879
2363
566
2131
850
2063
1771
3572
202
1613
3064
2861
1165
1785
2882
526
938
3042
3653
3734
561
3357
1288
1908
3159
2646
2853
1249
1281
3498
1596
3337
658
1895
2031
116
831
3338
791
3008
2432
2252
3775
2067
2513
1015
1126
3795
501
2128
533
475
1472
2454
2720
3435
868
1115
3942
2676
1142
1584
2362
3859
2572
3406
333
3261
245
826
1542
3088
2948
139
3093
307
1626
1794
1239
2477
1998
3089
2281
659
958
3678
3862
517
1560
2639
2694
3786
333
2138
429
69
545
704
1478
3059
1558
847
504
78
1139
1097
2785
2757
2965
645
317
1476
2911
149
131
2773
3948
3471
2616
405
239
1077
1523
367
641
2673
3455
1955
3857
1194
1169
3269
2642
449
2517
2890
2666
2261
592
576
2201
67
575
3858
2029
2649
1296
607
298
450
2760
3192
257
2362
3022
1993
3819
1153
211
3383
1570
2630
2128
1434
578
2858
780
3357
1533
3120
518
3470
133
1492
3827
3052
3453
3240
3248
2698
3277
727
432
651
755
1258
3083
2497
3791
2278
592
385
57
1320
3818
121
3859
2788
2370
436
2018
2477
3304
2923
2291
2607
3283
2655
3068
3409
2677
1641
597
2867
130
445
3905
2888
3295
3980
1129
1680
2849
119
2243
690
1676
2919
1903
2652
3482
1732
3223
3009
2428
2687
849
30
514
1182
2073
2996
2532
19
904
1885
989
396
3462
443
3508
602
1896
966
2350
663
3597
236
1403
1683
1059
2075
672
1769
802
427
3349
2778
3194
2837
3931
2756
493
1916
3263
3721
251
1255
2503
1453
1737
712
1829
3754
520
2197
346
3981
2419
289
1436
2050
2124
1897
3615
3716
1439
3075
2544
1754
2599
2834
1340
2422
622
915
534
2132
1899
3183
523
245
1584
1796
3586
883
3401
2166
924
1440
37
3534
950
3442
544
168
3100
1865
162
1851
3710
917
3549
3521
1670
628
342
2337
273
2427
1277
808
783
3010
1650
909
3602
2945
1104
3842
330
1810
3850
2448
3103
22
2974
3397
3040
676
3032
2766
40
874
3454
2373
686
2469
565
