62
376
443
302
425
441
308
222
28
154
3
212
469
455
279
179
320
400
136
437
69
431
437
87
431
217
144
190
102
483
36
297
53
411
276
336
135
224
73
428
196
425
112
347
255
123
404
206
490
410
15
406
145
107
152
38
389
159
109
236
497
293
120
97
247
234
95
388
380
456
57
185
385
181
497
40
496
237
43
8
463
240
373
58
440
209
148
390
303
424
321
273
436
224
479
33
142
309
173
111
267
75
111
208
237
279
62
355
478
420
122
92
485
111
113
42
188
2
490
227
307
380
468
206
376
280
495
431
138
113
251
146
455
284
15
145
487
88
389
436
133
243
385
402
310
354
220
289
474
323
61
463
341
494
313
325
224
209
477
253
332
234
52
13
450
39
166
172
169
184
318
117
143
442
396
14
80
109
345
313
425
453
476
241
134
448
388
106
235
234
447
289
220
466
65
222
7
261
183
305
211
250
270
115
132
417
146
337
338
23
312
213
317
42
362
247
415
430
500
4
104
228
258
167
187
113
448
67
421
329
7
495
141
380
443
432
477
419
40
219
119
161
223
74
272
0
171
398
107
341
426
365
482
24
380
153
125
190
232
21
341
476
303
124
386
178
393
149
193
365
317
139
363
89
242
268
161
494
283
343
237
87
316
211
363
421
304
42
314
19
228
245
158
99
459
13
59
160
458
435
352
429
425
413
201
187
313
141
297
447
489
69
220
89
490
258
483
266
344
468
136
335
107
486
312
58
77
210
484
246
143
349
163
343
441
288
360
37
346
338
246
42
8
94
71
174
140
101
232
76
140
294
170
178
21
273
291
64
293
308
73
171
331
223
292
297
361
246
167
443
125
72
419
333
287
72
305
278
133
120
146
422
349
119
289
1
89
316
225
493
453
21
439
372
70
283
442
147
306
405
146
206
311
359
369
16
479
293
34
246
206
481
405
336
46
81
266
366
304
420
499
179
129
312
387
303
84
338
470
305
16
317
319
444
26
482
202
459
72
481
59
235
266
229
233
310
40
145
368
239
127
363
437
15
321
465
223
323
468
373
378
237
456
467
496
381
176
417
70
484
375
390
389
309
95
101
112
192
453
21
58
104
299
413
113
356
145
308
150
402
485
267
312
277
110
480
296
352
228
223
