1364
521
2689
180
3610
4514
2004
2939
3594
155
3645
2434
1104
4659
3852
488
3191
974
288
3667
909
71
4483
4967
2447
2097
30
2337
2686
4812
2587
3900
1816
1732
729
4794
281
151
2406
7
4028
3639
2356
4330
4791
82
2593
1880
1253
1300
1327
343
1870
2444
4682
2506
4651
4150
4831
2815
229
1055
1179
4336
236
2838
442
2937
1608
4363
2232
1522
2823
2459
4318
4219
1271
3521
3099
3173
3884
488
3995
115
2887
2665
4524
1544
916
2670
296
37
3928
2943
3932
2437
221
3480
3852
687
4791
2024
3990
2629
4973
4301
1378
1980
1858
4751
2656
4650
140
216
2634
4335
4814
4124
4270
690
3086
4808
4218
539
2369
668
25
1092
2343
136
383
192
1575
2277
3448
2639
4687
2492
2793
803
2413
574
99
758
1584
45
2278
3182
815
1712
3484
480
4974
2308
4552
3643
2495
2117
2426
2355
1385
2689
4632
1387
4828
238
685
3839
386
4957
2458
4427
2674
3768
286
1161
1224
1893
4320
1868
695
1295
4472
3383
1847
1510
1136
2500
797
2197
121
4689
300
3375
308
2514
2485
286
4042
1637
1947
4737
3915
4896
4694
847
815
4689
3004
1079
2555
1669
3287
2479
3848
4315
949
4920
3975
289
4886
4555
2603
4529
65
1792
1294
649
3080
2775
2359
2177
3981
4994
868
2043
3354
2590
830
1574
3362
2000
3707
2175
3537
4130
965
4601
3740
1878
2714
4545
202
1573
3668
4715
4823
3177
1634
2893
2455
4561
3264
4724
1506
1769
1669
2297
1897
749
1021
4505
2428
1928
858
3520
1991
1090
1723
2492
2605
4082
4408
2302
1740
4377
4855
2257
2928
1841
4493
4655
332
1234
928
1516
2564
3462
4310
4347
3111
3056
4819
856
2311
3781
2258
1390
3741
1942
284
931
4671
1633
224
1667
1131
587
2009
2138
2478
3261
2679
1892
983
4890
2265
3963
3363
3068
3663
714
1427
2023
4440
2174
1046
4548
3558
4777
2760
2288
4597
4790
1273
4228
4267
4057
4559
1566
1477
2463
257
4747
1928
4397
4274
834
734
2636
4849
1986
2530
1710
301
3383
359
4168
1930
4621
53
983
330
948
3106
867
2444
1682
274
1955
3797
173
629
1548
4505
1489
2620
1982
665
1921
3058
562
1658
3973
3358
3713
2069
3840
4606
2239
1427
1752
4447
3384
568
480
3572
2892
2427
1169
4395
2876
1218
245
2861
2401
433
3798
4253
3296
689
936
4742
2171
405
4618
469
3650
4137
4885
4702
4240
2978
1048
1319
4852
945
2703
1488
1520
2965
506
1895
401
1506
4882
351
1673
2472
4341
4254
2011
997
446
4033
2108
4154
3440
3360
3998
3986
702
4720
3905
4237
498
418
380
3485
2650
1137
4339
3447
4342
970
3660
458
3158
1303
3992
1501
3666
1930
2870
28
3998
4008
900
183
3505
1162
3301
212
3021
1472
2944
2072
2687
1136
2225
1848
138
584
3622
1280
2968
4457
2854
3949
646
1660
4865
4856
4679
4520
3926
2337
3874
4962
2047
2228
1807
2655
133
3725
4022
1079
4474
2045
3602
4745
3713
3725
441
3397
812
2045
1796
2074
3210
680
1663
2195
13
4604
403
2852
1015
314
1618
1496
457
3755
2175
4022
2419
3265
149
2922
1298
4451
1064
444
1477
680
3092
4691
2044
3816
833
1468
3784
2194
4259
899
4329
3747
3983
1212
3812
4183
4755
1475
728
1403
1316
3327
4827
928
1063
4646
391
3278
779
2079
4943
4356
3600
2840
2616
2839
727
4407
1422
622
744
71
2388
2262
918
242
4772
4236
4541
1026
3861
4309
537
4323
4139
1124
1206
2679
1175
4492
805
2611
1840
4224
4498
2245
4757
2857
3964
59
1801
931
1649
271
177
2099
2353
3511
1901
1888
3737
583
1072
3059
1783
2122
1641
4379
474
1715
1720
506
4846
2931
3733
352
3772
569
908
3543
4189
2765
2862
923
4524
845
1131
1141
4026
1469
1514
339
1602
3322
506
1936
4359
4241
214
3529
3028
230
3069
193
3437
3574
4448
121
3669
2021
4395
2067
1363
3742
1376
3470
133
1642
616
2005
4033
1973
3758
2192
3373
3439
1191
4957
2687
1123
523
2004
1761
2727
2145
4397
2757
1955
1644
2025
2937
4074
991
3772
1612
1612
2426
322
743
1291
3164
3764
3873
281
1042
1313
3022
1680
650
4829
1310
4572
1543
1071
3833
1967
3851
412
3583
1178
3531
4634
1300
219
1164
1494
655
2405
1119
20
120
2213
235
1940
4121
3536
4612
3211
1548
2052
4530
3475
4366
4317
2798
4827
4093
1740
4491
4755
2329
184
3862
4347
2744
2218
4548
4003
1573
1267
4155
4460
3005
4562
3504
4033
1512
4045
3494
2942
3162
4587
3688
2555
4397
1969
2119
203
4936
2377
4539
909
9
4126
2463
3163
4468
612
2702
4803
322
4037
3260
1130
1162
566
525
1234
1859
997
2790
1681
3576
4816
913
1897
3539
1547
3410
250
1974
1953
4680
532
3279
4512
1947
388
696
1969
4119
3853
743
669
1231
4835
1811
2953
4071
4472
1614
3748
3147
153
2240
339
398
1066
1288
4469
599
4804
2317
88
2005
539
2864
257
3237
1971
1105
3878
1977
4801
3510
1289
3651
1489
1954
4950
1075
602
4587
3534
760
2960
2342
3739
3789
3843
542
4038
3686
4820
1814
4666
535
1537
3421
445
563
122
2918
4953
3625
3272
4938
138
4934
4325
1285
1856
2643
1221
2469
1758
2897
4254
4095
1900
4656
2695
513
1484
3216
1324
52
2350
1743
62
913
1038
4227
3698
3288
2071
1099
4629
3699
2150
4520
4928
1523
3946
90
2137
1546
1703
4611
1544
3161
4975
3504
2070
4336
2157
807
3701
3119
313
3505
673
1950
402
1794
3860
1913
895
3368
2402
3587
1376
2921
2192
885
3043
1141
89
3748
4061
2024
2410
4468
3612
5000
629
1982
3812
865
881
3599
30
627
1096
1019
1549
4663
128
1710
348
3563
2096
3513
4273
3957
3373
3566
4756
2684
1552
598
1922
4048
2790
3918
2772
742
722
779
4369
3864
154
2295
3480
3129
1033
2205
4893
301
1573
4330
902
2269
1194
2507
4702
1995
3554
258
192
1821
1693
1502
786
3425
3691
2197
152
2542
4440
3699
867
3065
2165
2032
900
2434
1640
2471
3253
679
1142
2925
766
4240
867
1957
3405
1953
2895
2634
4247
2062
3178
3224
270
2922
1195
4926
523
853
2559
3829
514
2800
4869
1611
1317
1373
3284
1141
1331
4886
1334
2148
2460
631
4266
1131
1292
4817
2671
1623
74
4366
1841
404
159
1377
2501
2503
3628
3583
2838
1095
2923
187
4055
3572
304
752
549
4894
1232
4271
762
389
4002
3338
989
1654
1677
2120
944
1897
4619
3337
490
4523
402
3177
4355
4071
2999
43
1722
3824
2344
1178
1105
4715
1170
2781
2232
3812
2466
3494
353
2015
4436
136
2092
271
1992
3185
4660
1864
844
3791
1151
982
70
1017
2385
4746
3715
4238
395
4939
4917
1749
3000
54
1014
4360
3584
4814
1948
3286
4391
3416
1590
3492
3364
3847
2598
1165
3069
909
4979
4714
2821
3738
637
3665
4529
3906
3592
2617
971
2482
1939
1707
1790
3870
2955
1557
4067
4935
713
4926
4465
1436
1555
563
4289
1601
2977
2000
3782
3201
2035
4256
430
2907
983
2147
3795
1905
4757
3043
299
2377
4360
885
119
4176
3898
130
2361
4094
484
240
3288
2702
1445
2672
800
1159
537
2701
4480
602
288
782
3645
967
153
4090
4311
2839
4313
302
1685
141
525
188
2946
2726
3489
4
3597
2325
4345
4366
3118
1533
4924
3595
3571
1456
2330
3064
677
4758
1800
4063
821
4992
789
2140
2514
59
4194
3875
4885
1937
1190
1590
1864
2774
3443
3556
2119
2023
3304
2985
95
2559
3388
750
1963
4833
4528
3957
723
528
1892
3034
4531
4933
1746
540
3200
2899
1312
164
1627
1283
3468
2090
2499
1310
974
4568
4248
700
252
615
4908
2574
2027
1772
4555
985
3990
4034
4085
4276
1912
1847
2083
1385
2713
3036
3471
4950
1367
2510
2337
1291
2921
4760
1590
1304
3801
4273
2235
987
486
1273
3836
921
2572
3458
4138
2492
3937
782
2013
3859
4754
1056
1716
4018
4593
2725
1550
3018
1080
1172
4936
3482
1993
976
3712
508
3946
311
829
2875
1707
1096
1521
2920
1733
1776
2716
1526
3277
1713
1881
3117
1048
3149
3644
3139
1883
2733
2971
413
3719
584
2751
1206
2250
4910
1271
4368
1697
2774
709
4231
1258
3480
4913
2627
3292
2907
3749
902
2276
408
3895
146
215
3058
4534
4179
2012
2253
3862
4703
2530
389
4373
3458
3183
1793
4509
349
604
918
4531
3044
3364
133
1554
599
3768
3911
4910
2511
1890
999
3329
1262
3219
2127
264
2685
4287
507
3182
4432
2830
3876
4317
3828
3928
2414
1500
1897
762
931
4160
4661
2939
3835
4586
3370
1226
4828
3083
2165
1673
3686
1057
2562
3764
1387
3694
1040
420
3310
2728
4646
2673
1784
1317
1548
1024
865
915
4480
2768
1452
157
1784
3494
149
4457
3974
1997
2097
4372
1992
2390
1455
1306
597
4339
1560
3608
2792
4531
1497
2650
3605
3900
4021
3842
3209
2893
1790
4255
1254
1005
4763
2821
520
1991
711
496
1942
670
4092
3566
282
641
2844
93
1180
1219
2536
3531
1082
376
4743
408
2114
2137
182
1291
2234
3121
376
855
2404
3116
3358
1139
3813
1751
2707
3822
3309
1146
1112
196
4403
1476
218
4552
1102
3942
3370
3437
3652
4124
2741
4062
911
1273
4035
2801
973
2178
3410
125
2371
531
1140
1074
4720
1259
3865
1668
4560
2301
3672
2483
2880
1307
1494
2408
3651
3068
569
2517
4405
3818
4022
2260
517
696
4031
3436
852
699
2176
2591
3293
3467
1700
44
1944
3645
227
1340
4729
2321
3164
620
556
4470
4613
1465
1377
2421
2572
1415
3557
2672
2137
965
2430
4628
553
3001
1173
1200
1792
3851
2087
2115
557
1917
3262
4443
1144
740
538
2654
3438
3498
1199
2182
1345
4595
47
131
1980
2749
2489
780
4473
2257
2408
4503
914
4990
1360
1364
2924
1811
1652
1499
161
2539
373
3830
4275
2843
737
770
268
4739
2649
3069
1774
786
4688
2071
3326
65
4417
1163
1201
525
1664
3306
4355
394
954
2993
69
500
1382
3860
2650
4207
1294
1625
2304
1737
2811
2404
4123
4420
626
396
3768
1341
3542
656
3594
4414
3196
962
3564
1278
3433
43
2042
615
1857
817
2230
1776
3889
1269
1567
1192
4678
577
2271
3304
221
4838
1871
3548
970
4835
3505
393
1873
1045
1172
3292
2281
4725
592
1811
1927
2509
2075
4551
1085
1972
4999
2572
3808
777
2910
3701
2060
2031
717
2300
692
849
2837
3390
2402
4460
3233
3195
3686
464
1902
129
3006
2162
2384
3299
3382
1234
2240
2551
1300
4950
1755
2652
4510
979
1840
4433
4574
780
779
793
684
4771
510
1142
477
1466
226
4548
1198
1117
269
3616
4062
4345
1827
4227
1724
1058
1730
1420
4236
1171
4713
2898
345
1496
3211
2019
706
740
616
1449
398
3667
3073
978
1390
3740
589
368
889
2278
3732
608
2019
794
639
1436
3427
84
4952
2699
2790
1700
3348
982
4924
4687
3804
4829
114
3232
2221
2525
1011
3914
2871
759
1459
1046
3216
1126
3502
3200
3396
4941
809
2390
564
1842
2654
1915
2717
1097
3935
5
3730
3454
70
2742
4569
2159
3762
4218
372
4590
722
150
4181
3087
1595
2271
3069
3408
2990
2443
2814
2421
2240
178
2179
189
2833
2224
527
1059
282
1436
1954
4173
4634
2831
1143
3046
1018
2064
921
1568
946
2516
3731
1492
1112
1990
657
1630
2049
4068
4711
2550
4957
2610
1083
1822
4413
3900
3052
1247
2328
4271
2424
2594
3440
3668
3858
738
849
4783
4742
219
119
456
4654
2002
3400
4421
4281
2525
2635
3683
1497
4042
3245
4493
3949
2152
534
4664
2412
1772
4639
3144
3376
3245
2812
4469
1683
4417
100
548
1541
135
2134
3921
4774
4339
2488
139
1068
1176
2680
4635
1992
2586
4271
1848
757
2713
4124
4976
2133
1963
184
620
309
1770
2291
997
1570
2995
2974
1659
1574
3742
142
4403
1602
1911
287
937
3696
3267
2138
4580
227
2565
4799
4294
4799
4584
1320
1318
431
359
2055
3907
319
1125
1201
40
4108
1843
1555
3339
3405
4059
1558
3376
4061
631
542
2198
390
1787
3659
1674
4401
2572
3947
1614
4388
4442
2004
3961
214
4196
173
4852
523
4862
2082
1123
4580
3307
3045
4931
3384
4180
2010
2143
757
2338
4881
1712
4925
3084
4672
2859
4639
941
1478
997
4435
2318
3078
1436
793
440
629
4949
1873
1599
3972
842
718
658
1481
944
1172
2790
3626
1987
4993
1368
2806
2960
2143
3579
824
3338
2475
1933
4513
4276
4872
3317
4656
1058
1693
4755
823
3617
2581
556
4650
1294
3902
4673
4305
1057
261
4173
2274
736
4232
2469
1183
3018
2437
3047
4787
4864
2416
4026
2527
2923
3945
375
3357
3409
1084
2535
2082
1636
2457
4308
629
2837
2959
4290
1312
3543
1930
4922
3081
4481
631
644
1994
4128
1746
813
2442
1923
2613
2669
639
819
3727
4265
2297
88
4586
2350
2044
473
4096
4974
2689
2376
1410
3710
4662
2362
2483
2745
1629
3097
516
1829
1819
1459
2082
82
1177
556
3670
4770
804
1487
797
1350
568
4247
1988
3025
1751
194
3399
796
2582
80
3658
2543
1625
3883
2578
4905
1046
4723
4899
3934
639
3782
3240
1369
2113
2822
355
1445
3379
852
3850
3070
1526
1773
528
1554
1840
4315
2343
86
799
4381
4838
656
120
830
2899
4776
2151
3521
3962
1844
3032
3310
1089
3022
2873
4043
2130
3029
554
2247
1081
1979
4502
103
1615
2431
3592
468
166
1230
2096
2491
1495
3848
2137
1618
2440
3571
26
2438
335
3615
3695
861
2046
3985
2579
566
4861
3545
4642
3645
4519
2421
325
4935
3060
3318
2882
934
2699
3729
1677
413
4341
4891
305
3781
3503
4811
4013
2685
821
4800
2444
699
834
3794
3568
2524
1862
1754
1354
2141
1740
2619
3567
2988
2888
4373
3467
3682
3561
4395
57
4649
3776
772
139
19
3938
372
1668
1494
3624
2402
4214
686
2204
2060
201
3312
1145
109
3240
3280
1393
865
293
2011
1054
2209
1459
2511
4679
635
4921
3246
2652
4411
4507
4917
2666
4968
2050
4886
2684
2120
4060
4375
260
1228
53
106
2120
3039
205
3966
4387
527
2552
3532
1156
2132
332
4679
3529
2692
1495
1992
4705
3983
3112
980
3635
1140
714
4379
65
2150
1630
2197
4135
4335
2723
3353
3892
3662
3322
1267
3227
3329
1649
2346
2528
4181
4198
4318
3657
3639
3225
984
1643
834
4586
4842
4622
2030
1958
3039
3043
3854
2741
1990
3504
2253
1023
1752
4730
2596
4972
1898
966
1062
4869
1507
2626
2089
4527
206
4157
4907
54
819
1584
1048
1631
3295
1715
848
1051
2196
820
3334
1757
3474
1355
3687
1506
3320
355
867
940
4976
3442
3358
993
3379
1879
3802
147
3529
1909
2475
667
878
2332
2161
2070
2257
3266
3640
289
1440
1770
903
4732
1532
4510
176
506
1567
3421
4759
1609
4259
326
3199
2544
3065
4362
4243
2768
2349
2628
3442
3004
4330
859
3159
2130
1094
4219
4806
182
4672
3953
570
1789
3456
4811
1616
2054
3270
219
4247
764
390
3555
880
3544
1692
2123
2023
1456
419
4812
2738
3226
2079
3830
7
2108
7
66
1057
2740
766
4597
3315
3177
653
2412
210
4437
1751
20
3000
3503
4701
4415
2814
1750
4695
332
2734
395
90
268
2605
1752
3820
4834
2360
184
2649
4090
225
4232
672
621
4335
2018
4702
777
1523
205
834
1261
4944
1086
4880
4223
2202
3662
247
4896
3416
1652
4404
4118
3642
4979
3551
4391
4611
180
1792
3399
4687
4145
314
873
2516
3797
2342
3919
664
125
3650
1021
4414
4373
1544
4841
3885
4514
309
363
3086
1888
3278
2024
4278
802
251
2712
4841
512
2614
2892
2938
3466
2686
1128
1483
4638
1674
1917
4386
4226
1069
2117
3242
1577
2192
4203
4491
1566
2865
975
1691
645
4039
725
3541
3620
1685
1412
349
1957
2695
3016
3549
4678
760
1852
790
4738
3727
2642
1226
3508
2748
1010
4713
4318
3965
789
4528
4769
1921
661
3916
4823
894
4220
2766
1565
2161
1797
409
929
4261
286
2920
1245
1817
2156
2490
2700
1931
2270
843
2716
4367
3851
804
3287
1932
4153
4053
1095
4747
4758
3658
4202
3217
3626
4410
3750
1491
4864
223
3443
4179
4530
285
1414
3639
4124
1803
4482
3841
3050
204
3613
4867
956
468
2580
2522
3870
1479
4020
157
3291
3507
918
2785
1800
474
3545
2748
3535
2492
3391
4482
597
477
599
2791
1246
4211
3400
2173
2255
2396
3417
2499
96
4633
888
88
3351
3055
2992
2472
3738
266
2230
496
3718
1842
3062
1075
2141
848
2023
4085
2172
1158
2286
1865
3941
3362
3413
4291
3754
2812
1371
492
3209
2916
2021
3631
3791
96
1200
4793
4983
477
512
2414
1092
1185
3150
3832
225
3660
711
4309
1246
2825
2651
4475
2318
4883
2552
2720
3676
4683
454
1382
1396
4152
4910
4551
2456
41
1093
1244
73
3850
1020
4769
2755
52
1157
2686
1499
224
3704
1116
4838
3807
2132
258
654
1371
12
1348
1984
4595
1860
968
976
1387
3600
610
1639
2638
1098
4217
37
350
3084
2909
2040
2304
409
328
1077
4579
4848
635
1035
792
4906
2117
676
1359
1826
2512
1429
1442
1045
549
1909
1884
21
783
224
464
3380
2644
1782
356
4960
4591
1111
156
731
2714
2051
4970
3631
877
3998
16
3885
3974
2756
3115
4666
2144
830
241
2727
3496
1607
1595
699
2639
2122
1698
4364
3202
2426
1743
3974
4973
3208
375
3447
1820
3392
577
4138
1733
2910
1594
3486
1300
239
4118
4800
1868
2317
3315
2076
3154
4412
1211
37
1676
2314
107
1452
4112
3259
1597
336
1617
1065
3606
3620
3409
2049
318
570
1546
3026
2429
1859
2306
2357
2781
1377
187
3045
3584
1285
2180
1593
634
2039
2512
1328
1775
785
4618
4736
700
2136
3970
4541
2803
51
3745
3615
2324
14
2256
2910
3301
895
2272
3549
13
3144
250
1238
1800
3526
3730
826
2938
4107
453
241
1137
528
4990
4761
1284
2060
1642
751
1518
3043
2876
1130
652
1909
1490
1674
2303
1748
3694
188
2654
2247
2608
3955
1549
3469
1985
5000
1455
480
2168
3964
464
1535
996
409
318
2911
1127
125
3372
3871
4638
1808
4626
3054
474
3980
884
3784
1138
49
4520
2671
2456
2755
2014
4521
2670
1169
3209
1041
2247
2428
2621
4447
2717
683
3986
897
1321
4163
343
314
1125
4788
1730
3651
1647
2795
43
629
1911
3362
1400
4041
155
3552
208
3828
2014
557
3913
2505
4404
1639
23
3640
2968
4276
1640
777
3527
2147
4485
4411
460
3896
3671
2974
3282
2160
4656
1891
386
2281
2255
577
186
4527
980
38
2269
4600
1782
4990
279
388
3965
1710
3876
4045
2893
3997
1450
2196
3439
3653
1787
2654
4648
942
2101
3903
1910
1435
395
370
1303
1621
2720
2687
2011
2774
4471
615
3721
3211
3397
3539
810
510
3066
2540
1047
1073
2917
4692
2687
317
272
464
2029
4829
1711
3158
4588
1343
1121
1404
3694
2153
1522
2832
3816
1442
680
1658
3085
4765
2443
4261
1999
635
1428
4240
3098
407
1442
3846
540
4896
2108
224
162
2550
4838
609
3306
3480
3443
563
1551
1752
1050
3590
266
382
3460
3904
209
1842
2465
1274
1800
1937
4160
2790
776
518
4140
2181
382
4381
4512
195
2606
3335
4894
251
1513
166
3068
480
691
2354
2641
854
4782
1475
4678
3741
1879
2277
4201
1083
3365
4724
4196
1525
28
2280
1572
7
4479
4501
2958
4372
4895
3098
2175
2147
491
220
3969
194
1667
1536
37
2110
1900
4823
3943
2249
4094
3499
265
1790
1631
1327
1020
3472
492
1687
3422
1465
4118
4725
4475
3155
3493
4069
3861
1385
2120
3962
2856
671
3724
1472
1625
4871
3994
4260
2412
4151
2067
3578
3443
3755
2133
2815
2378
3059
3779
2617
1777
197
4469
1543
1585
1111
1841
4115
2817
4649
1109
3209
1270
853
317
4977
3193
2718
3507
2887
2265
1621
227
2421
2876
1174
3758
1234
2039
4411
192
4062
3368
1964
3534
4139
3362
3025
2594
3464
3268
3123
3
756
208
39
4645
1701
173
303
714
4778
1181
1524
3933
576
3395
3791
468
128
4796
4097
4776
1851
2330
4790
1626
1480
4379
2318
2620
2985
2367
2347
1942
901
3261
1030
3070
4698
2644
1784
4252
507
1150
2130
3802
949
1713
1895
1819
4543
4227
4575
4020
2979
202
2767
176
3510
232
4870
2480
2620
1386
125
2375
1675
1233
2507
1692
3855
846
3432
2822
4389
4138
4161
1380
4326
4187
1850
2440
3262
2172
1273
3112
3512
2646
539
2926
3911
3066
3484
2469
713
1765
3616
2870
2612
2000
600
3067
4702
4142
3780
2966
2236
4181
4745
2431
1086
4575
2803
4791
3807
3737
3790
1973
2397
1009
3819
1449
103
524
133
4338
2970
2347
1717
2306
1983
1177
612
3961
2366
2582
2436
1816
3599
3055
698
4170
1733
1804
2211
2452
197
567
3127
1977
1984
3522
3343
3439
1531
4037
1482
3528
2448
1617
445
2916
4037
403
2532
354
4853
2577
4554
4340
4006
4082
1291
1307
170
1159
841
790
2433
2578
501
953
3176
296
1443
3899
329
3296
1120
215
89
4944
3081
2007
42
624
3279
4685
287
3463
3597
3336
1007
1084
2199
3966
1614
853
9
1813
2534
2943
1296
3704
797
1610
4955
663
3417
4540
2329
3272
4193
622
1211
2482
4489
526
1699
1360
4154
1458
1337
1679
369
2196
3263
2523
4684
1503
2100
4316
213
1382
2298
3723
4273
2385
2826
2165
1452
1747
2035
1302
935
1069
2496
2312
3359
4821
3569
3483
4815
2426
2334
1120
2119
523
4538
1052
3117
2845
2286
449
2729
3119
3272
1480
2620
2707
3510
2431
547
443
137
3842
1094
3865
2905
2829
1901
2525
3832
3368
229
155
4979
2437
4498
3487
246
2315
247
2543
4048
199
556
4922
385
3899
3264
4023
4292
557
4360
4415
180
2404
1084
1234
3431
2671
3577
2635
2642
3068
3999
2555
449
3048
532
1764
1016
3810
52
2383
4176
1907
2906
4059
3976
4877
3221
3467
764
3478
2000
3995
3161
2714
1919
2807
1138
1598
1111
694
1041
2804
2083
4940
2710
4922
942
4298
449
2252
3343
2077
8
3463
490
1585
4590
2003
2391
54
3547
3718
1840
2259
2001
4712
4731
92
4164
1677
3203
1030
801
295
35
26
80
3380
3992
4339
792
284
4333
3218
4957
1113
520
4581
1423
2605
269
2446
2091
1637
468
3825
1034
2028
1291
2529
666
2812
53
1234
1820
1953
1814
2940
3143
1581
637
115
1744
3049
4070
4805
214
1701
3948
1147
3357
2177
4232
1704
4157
428
2018
4339
2562
270
211
1437
4878
1021
599
1636
1967
3403
975
2923
789
4994
1619
1402
1646
1617
4247
2716
287
4377
4936
2649
1727
1474
1772
3537
2529
3882
553
4944
2012
4260
739
2257
2100
1874
3040
157
518
4482
1191
4907
744
2965
3134
1759
1816
1798
3910
2999
752
1649
196
1475
2035
2182
2742
3816
1064
3618
2684
3331
2784
269
1722
1639
4898
4296
1030
1937
1441
4244
1253
181
235
2151
3397
249
2737
3093
4466
4104
4448
1100
1370
4323
1188
197
2636
2535
4691
3569
2711
455
206
3788
4887
2072
2432
2283
768
900
629
434
73
729
1366
4284
1603
1955
1298
4214
2962
1361
807
1426
2645
103
1308
3397
1544
375
597
1546
4723
3295
3254
4517
2078
1731
3885
951
1144
2518
3145
3295
1682
2124
220
2208
3446
3511
1841
851
1041
2509
2572
3115
1422
2562
3682
3344
4153
1617
331
2672
1018
2611
3873
3612
2499
2914
2274
2203
311
2761
1502
1238
2467
1157
2238
3846
3359
4809
2875
2387
3230
2687
4750
2769
3845
421
1525
3582
4074
1228
461
2141
3162
2429
2656
4202
3235
3605
1163
1820
160
1387
2381
2412
1695
451
642
2187
1749
1243
3120
178
3646
1679
3939
4825
312
3951
4985
1865
1230
1057
347
4025
930
2800
2645
348
3725
3150
4142
2896
4604
3655
4391
1416
994
1081
4210
1341
3811
2519
4419
4795
2052
3915
4527
3793
2205
4442
1132
1878
3428
359
1460
4185
3888
2556
3291
1370
3530
3295
1393
4116
2487
1890
3070
4830
2107
481
542
4966
2429
3840
4351
2738
2807
1223
1446
2538
4640
3689
3971
2568
1874
269
4255
4600
2048
3271
2017
4758
2329
3718
886
2001
2960
637
884
157
4660
1250
2273
76
273
1432
4138
244
910
2841
1225
1236
4756
2793
4954
3809
4089
2613
3538
82
1928
827
4367
2211
2158
453
3900
3669
628
1511
2752
4644
111
1155
3102
4283
467
3072
2454
529
3719
4887
2132
3420
2384
3358
4180
1928
3756
49
4666
515
4305
2130
3861
2934
2936
4702
2261
3543
3836
3865
4997
1984
563
1556
4518
2504
917
2033
4381
2735
425
3644
4553
454
4905
3009
4198
229
1394
1452
3543
3618
931
4588
3185
4295
1935
2830
1105
2169
2948
1358
3110
89
3238
29
1839
778
4986
2616
2448
218
4149
2277
1134
1539
146
397
4487
3992
2641
4814
3859
3224
61
2150
4194
638
4312
325
1116
162
1546
3155
556
1084
472
508
934
4694
3056
2904
1116
3835
2080
1879
3359
945
203
2959
1452
2185
1538
6
897
4956
3163
1512
1191
523
2578
2839
1811
971
2472
1678
4447
784
4204
4331
2696
952
966
1483
1251
2087
1530
4904
2731
1301
3145
4152
668
232
1200
4833
2206
3317
4252
1436
2127
4487
1603
669
2730
880
1784
3662
1579
1981
2009
2476
4612
1332
2100
4009
3933
4259
3213
1726
2350
304
1300
175
2399
533
383
1737
1927
2881
32
662
687
3992
4140
1515
3962
1766
2563
816
682
1680
3300
3853
4192
443
2532
3351
1644
40
1914
4611
2579
4012
2979
2059
4361
2460
200
46
4227
3294
1473
2237
3677
2479
816
2198
4429
3340
1104
4683
2413
1102
3655
3729
2780
730
361
1690
1561
1100
3064
981
2614
790
2986
3050
150
3556
4648
1491
4340
4797
1043
2474
3117
2604
4100
226
3598
3146
726
4019
4358
156
2722
298
4508
2991
2426
2229
2786
3840
4449
2908
4436
2361
2629
701
3580
3863
2313
2966
3053
3225
2186
944
2956
1233
4336
4993
1489
1562
723
1893
1029
731
794
3637
4052
337
3775
1434
1350
2832
4497
4343
3858
2759
1430
831
389
2634
1907
3252
1698
2248
4845
3768
1308
1689
2512
2768
3665
4562
3607
4632
4394
1687
521
3987
4923
1473
4247
4033
2453
2386
709
4403
1720
2133
933
280
2724
2295
2781
768
441
2846
463
4806
979
3746
3689
2754
1762
3189
4434
4590
61
56
2433
3471
2895
700
4131
4062
1507
1026
1229
4609
2170
2947
900
4674
2942
2766
1642
1864
1709
4878
1463
4461
3942
1915
1332
1031
2964
1845
949
2902
3855
366
3893
1618
3097
151
738
3297
4807
3727
2081
2842
3188
3256
873
137
4809
423
4798
4249
1764
2751
1764
1927
1859
4398
3501
3326
1
2242
689
3449
240
3601
670
2599
2921
2032
2360
2298
1620
1917
3885
3194
2779
1710
328
1586
1777
855
1430
3554
176
4232
1785
1894
3322
850
1136
3290
1678
4449
4401
2175
3899
2193
889
751
3593
1903
3785
411
385
4003
2379
593
2259
2035
1286
4953
4231
3342
1368
60
4301
4916
686
80
3850
663
298
933
1820
1364
1568
5
916
30
33
2294
1360
400
3017
246
943
2078
1183
657
1252
3548
1744
4961
1719
1899
750
3687
2567
473
3601
3224
892
1922
3881
1434
848
964
940
4936
4831
3499
943
849
1308
3229
606
435
587
2975
1274
3645
451
638
675
4069
1245
1999
4642
4000
3425
4933
4926
2372
1587
1923
944
134
1971
1815
2241
2699
3344
2152
4862
1922
1302
4974
2033
2872
779
4981
3747
1697
2817
3815
3556
1807
3978
2802
4941
2966
4683
4629
33
790
4479
4939
142
1498
1181
3082
4456
52
3330
281
2630
1708
283
2007
2563
3237
3192
70
2055
4362
2900
3134
2357
2685
250
3206
3668
2720
3651
2015
1319
1051
562
1173
4728
2915
3305
3998
2545
301
4111
3631
4683
2757
2738
4583
1199
3757
381
4959
294
1350
800
4249
553
518
614
801
720
1756
4233
4621
3873
4512
2
3328
1354
3135
3717
2156
2973
2250
4177
4397
4860
2790
939
2499
160
1635
117
2811
4395
1494
4406
1165
4834
2385
2023
2913
594
2018
354
2281
325
269
2652
33
1272
3835
576
1935
414
1251
4471
1751
4358
4167
3756
3915
1449
623
4338
485
926
3793
2672
2965
1146
3626
598
