456
3802
2603
3829
1507
3394
2851
1276
5167
4852
4505
905
1163
3203
3641
2436
3432
594
5778
3998
1627
5553
5916
4767
4350
2829
1845
5906
1580
4774
1074
2904
670
4972
5651
4479
1308
11
4548
622
4574
237
849
397
144
1068
1319
1039
314
4669
2517
1599
3544
4435
5925
2619
2006
451
4241
2484
1006
3135
2348
1283
3873
2668
3118
637
5810
1424
1550
5176
1942
4326
277
407
2844
534
4791
1625
1352
535
5972
13
2058
2615
1538
2683
2417
5922
2094
1407
2769
4669
3271
5983
5078
2037
2994
3288
2726
3346
4808
4654
1734
1733
366
2104
3374
1643
5071
5243
2831
5711
5023
1068
5396
3891
4316
2001
1412
2604
2259
5069
1875
1595
5847
1178
4135
5725
5530
2343
33
133
5726
1135
2195
5052
5720
2633
1348
3556
866
5486
2161
5210
4815
3524
4709
5657
4457
2635
1467
1367
3850
792
733
16
2723
4645
5725
5117
1
5883
4351
27
2063
1718
2216
2660
725
256
545
4552
5526
3256
5295
5549
2754
3066
2655
709
805
4723
4839
2290
1003
5592
3542
5153
4427
416
4125
1096
231
5962
83
2100
2509
5578
3234
2627
1270
3978
4246
4794
5044
769
1308
2456
2795
1548
2816
2681
371
3709
141
5718
3645
3409
3901
582
5179
123
4444
4525
779
1756
277
1301
870
4905
2281
808
5316
5443
1419
4039
53
4787
2108
3448
4390
513
5514
5847
4047
2350
4352
253
1960
5116
1387
2240
2790
5658
5101
2525
2755
3653
5481
468
1886
1493
3986
3035
4035
1985
5488
1160
5359
2614
912
2492
1541
1196
5997
4075
127
5186
988
193
5157
3750
4793
3467
2767
1268
2397
1433
5529
3734
1455
2029
1408
1681
284
1112
3912
3108
5375
5678
2878
3634
4057
5819
1749
2235
5016
5116
3551
65
5166
1617
2233
801
2123
435
1256
703
3944
4610
255
719
4891
1055
224
2067
2235
5112
3691
2764
3407
5944
3463
1010
5187
5633
4302
1485
4249
602
1424
150
3122
1344
1682
3927
5838
3199
762
545
4182
1392
353
1785
1978
4690
2235
5611
4964
5076
5905
1076
4173
4189
5843
3507
2305
3165
3510
678
2113
236
4733
4672
4876
3409
548
5713
1606
170
5003
1450
5151
5856
2266
1795
3836
3006
1510
5054
5671
75
2582
3857
1190
1766
2153
4620
1486
4096
707
764
3953
2651
3106
3121
3567
104
135
1671
2317
2878
3292
331
1723
2337
218
5022
3559
1384
763
3687
2673
2394
1541
2319
5955
1909
1934
968
1637
1896
1490
2382
3089
3786
339
3350
3169
1991
2772
1770
72
734
5111
938
5604
3625
4703
184
220
3374
2112
111
2838
4290
5148
4897
410
1445
5845
194
23
3721
3242
3575
1583
987
5636
708
3727
75
2575
1856
5425
3507
1343
2331
91
1056
467
649
3055
3355
1553
236
2150
570
5740
2662
2480
2321
4235
2488
5219
1278
4369
2552
5659
3195
4550
2904
878
867
4394
5753
5378
2085
281
5352
560
5660
5575
520
2802
828
15
5757
4665
5734
1731
1139
3778
2364
2572
109
154
5964
4300
5503
3519
5995
2332
4669
3860
4663
1153
5450
1678
1711
4571
2919
3214
1484
823
3781
2653
2702
4306
1202
4511
4539
5509
5548
1892
4999
2493
1867
3072
2196
727
1254
4104
4565
874
5279
5978
4686
2516
5105
2997
3512
73
1731
5378
3321
3561
2106
3011
4424
3113
5649
5698
483
8
3744
4101
289
5513
3118
92
1898
4367
2327
2521
2441
5185
2086
5372
2707
3929
5327
5508
1732
3483
3801
3684
5935
2632
4861
1972
5142
2054
3960
3256
3328
4715
803
5187
4661
552
51
1124
3442
2480
170
2614
4565
1203
2514
4538
2188
1865
1366
3547
4974
423
5973
2839
1589
2670
338
3607
831
3866
304
4863
3283
1849
1965
4094
3654
5938
5881
2430
4985
5071
3923
5445
711
4749
4243
5284
377
5818
2453
194
194
2686
1352
2667
815
92
3762
3200
5063
976
5691
2740
2346
1893
160
2507
407
3875
5129
4635
5899
1448
2127
998
3297
3809
5792
5009
1261
2307
3221
1741
5759
1178
1879
2302
589
1580
3758
2491
2814
1405
3383
2706
3730
166
961
5326
5463
2263
1627
1667
5821
424
1017
5527
334
4250
987
2712
1276
2877
4468
169
4102
4215
40
5234
441
73
2931
431
2182
5630
1483
2937
2146
436
5920
375
4958
592
3281
1531
5597
3070
3282
206
2955
2107
677
4986
2646
2094
3447
2198
3063
1513
4871
5025
4826
1063
4525
1950
5333
2479
3400
917
5045
3306
1988
4986
5387
521
5018
4111
3102
1769
3011
5908
171
2533
1310
204
5572
2023
338
713
4077
198
2715
2833
5984
2776
5478
903
599
953
5568
1728
2613
5354
3051
4172
5888
2641
5836
2599
3421
5166
5988
3761
1352
846
4354
4155
4991
4804
1489
5628
1699
4512
5227
4651
134
3511
5654
3124
3151
692
5254
3281
63
467
4680
1404
5193
4655
43
1021
2666
2641
158
5826
5750
535
3350
2403
5342
2550
4175
4256
4365
5624
4607
537
4995
305
4610
2422
2796
743
4271
5086
1060
2036
5379
2892
3915
914
1736
2239
1398
1649
3163
3376
208
2204
5624
2875
5801
2687
2125
1412
2102
3348
367
151
3021
3219
2066
2297
3703
32
2983
5486
3530
3233
3816
534
1788
3172
1840
1469
3207
5145
5569
5661
3456
3101
4573
3567
3518
5375
4472
78
4824
143
2566
5510
1407
4862
3438
225
395
5178
3062
4893
136
1494
4350
1442
4140
1349
2309
5238
415
5105
872
4858
3338
2165
905
833
1434
2086
2038
2263
322
3869
1333
5935
4848
5341
5542
3374
1278
2390
4725
5315
2282
4041
5030
3945
5704
3249
5926
3192
4088
529
3498
1884
2057
1455
3115
2337
939
554
3340
2612
3223
1506
3823
4345
4011
2551
1171
3646
5116
813
264
1120
3631
1120
1312
820
1282
4078
2499
2760
5263
207
798
872
934
5671
2528
4863
923
4013
5532
4036
2793
2487
2784
2495
4594
1411
5001
2637
549
228
1757
1221
2300
5237
3102
5587
5085
4922
3434
18
1241
5187
3819
878
5937
917
1970
1737
3777
1004
1747
1137
5423
4604
1989
970
1502
5100
4157
2395
2581
5828
1349
887
2191
2685
5712
5929
915
5799
1632
5589
4825
2778
5769
3227
5099
2706
4149
2174
627
2810
525
968
5092
5049
521
1952
5146
2582
696
4467
1805
4678
1738
224
5184
2020
905
1030
1223
604
2357
4451
3267
4840
5549
1403
3100
1951
2510
3170
4106
21
1330
1320
427
3184
1533
454
2670
5087
2365
2567
1748
778
4166
4169
5131
819
1374
3004
3285
642
654
4891
4369
3493
2227
873
500
4687
3333
5602
814
5966
3322
914
1650
1490
1204
2327
5484
3627
2313
5148
479
4485
5186
4016
2151
448
1979
2226
264
5094
5356
1556
5622
3882
3799
4315
3457
637
4967
895
1621
4519
5821
1208
98
1377
5306
3488
5448
5477
2144
5875
239
1081
2659
5607
335
3296
506
5713
5204
3309
2128
5925
1541
173
2713
2857
5242
647
2024
5595
3369
4584
5080
1350
3758
1371
635
977
207
460
3629
5344
100
5257
4996
1140
802
4011
3198
4744
738
2042
2422
1072
5381
5561
3586
5610
4249
201
4714
5555
3637
4557
5804
465
2204
1693
2536
3141
3387
1138
5466
3650
3775
4818
3915
2412
3120
1504
1696
289
4151
5168
3761
5381
4371
1495
2435
1368
753
2954
4264
2985
3033
3389
864
4132
5373
155
2711
1923
2584
5856
41
1816
5338
1741
4447
2526
1119
4000
5339
2534
5554
3485
5454
5593
4002
2743
20
2907
624
5964
4742
4933
611
1050
1297
3139
3842
2261
4837
100
3659
1507
3914
367
3979
641
1404
1704
1369
456
2389
876
2466
5679
2117
5282
1742
2041
1455
2214
2374
3405
5997
5750
1692
5012
5833
3494
2546
1398
472
5284
1212
3726
90
1230
1245
5544
2436
5480
1938
4381
2039
5931
1238
4599
4442
4093
1322
4678
1357
967
1348
385
426
4147
332
5294
889
2892
2779
2355
1439
2676
5817
4692
2222
5359
3330
5111
2214
2981
4872
3543
4410
1997
4105
2212
4140
29
4448
1725
1458
821
298
4653
5263
431
2851
2177
3051
4532
1712
3803
102
317
1072
3608
1935
3108
4494
2175
2243
167
3240
4736
3313
119
3178
2655
2522
5166
1561
3757
5471
3883
4808
3074
759
5744
2020
2966
1833
3773
4877
3341
1666
2318
1792
4416
738
5100
3167
5926
5814
4598
563
537
4728
3030
4930
230
5920
408
4609
4369
2507
2999
1103
5445
1243
531
2396
3990
1678
1481
4922
1687
3880
5145
5052
1892
5355
5354
3374
479
5527
1897
625
263
5560
1435
187
1595
3975
3786
5033
3705
5377
1178
1769
204
4352
5602
988
5363
3480
5446
2378
1729
275
4097
3138
2023
1909
157
5495
5359
4529
3291
4709
4067
2406
1735
2897
3575
5639
346
4254
172
3048
934
3745
5197
3505
4594
1068
2699
2777
2198
132
2993
3224
5786
129
2111
2507
1488
5793
3967
4040
834
3312
2548
794
1066
4889
1927
409
2547
3954
5676
2186
5708
5854
2146
4960
3982
170
1398
3560
5958
668
1649
115
5940
1788
3715
5607
3772
2413
3111
1065
3417
4718
1143
415
254
345
1997
2621
1866
3793
2669
3144
3675
36
2182
5230
2595
3516
1885
745
4158
4635
2037
414
5597
4905
182
5171
1415
5567
3005
5444
285
3662
789
652
3343
572
4828
2105
2425
4165
1392
916
1469
4592
3838
1192
5049
878
2370
945
2209
752
2375
5656
915
3768
4359
5039
1273
5639
978
2036
1235
1141
682
3817
2349
1230
5340
1051
2132
5730
4823
1714
172
3698
2291
1220
4604
1244
5799
5410
5977
3623
3523
1634
2599
2645
2877
5505
1419
4605
4818
1014
2417
4894
3807
5913
2218
5387
1096
3435
12
1121
4486
2678
843
2368
1360
2044
3064
5573
3191
5369
1011
5729
5272
4506
1713
537
4155
553
375
797
1901
1385
1578
5391
2169
3582
4635
4177
1065
5780
3166
1712
4930
4351
5471
3781
3796
2658
595
2612
2306
1929
2368
1911
1769
5924
2913
5951
110
49
5879
3195
2536
1651
1300
5845
801
1448
2498
2621
1620
5917
2284
1137
202
3727
304
1949
701
2889
2669
3564
2684
940
2028
1365
4089
1136
4166
4124
4447
3360
4408
2369
1674
3439
707
3730
5759
1536
4397
1617
4541
225
4896
5769
2428
3971
5761
2004
3350
4347
3877
1888
2132
604
3951
3170
4715
5180
1796
4563
1892
4966
4604
10
145
4632
2335
3259
118
2800
896
4423
2723
3922
2597
1955
4937
4698
2994
4959
4419
717
884
548
2239
3391
544
2760
2481
1158
199
3221
4961
4568
5848
5691
474
1190
5739
3857
1222
3885
1015
1413
3230
4478
3344
3547
1138
3403
849
2181
5227
5469
1187
957
2382
4121
2197
214
679
1204
5368
1843
901
2030
1972
4103
2776
2854
2832
5211
195
840
4984
3320
531
4968
5162
1127
1174
2321
2148
4924
499
142
2353
1078
675
2832
4986
4443
194
3041
4123
620
1038
146
2025
768
97
2202
1885
1272
1189
3693
4249
4759
3738
1482
4912
311
3737
1091
4164
31
78
826
3070
3325
4544
5255
4965
2238
365
3419
2887
5535
3909
4640
269
5381
5653
5596
4480
5207
614
5111
2710
2223
3367
3427
573
5636
5781
2756
1384
3469
3500
918
4097
4373
4910
5758
4638
3513
4123
395
4149
3017
1644
2922
3417
463
246
5944
1789
912
4670
691
1478
4279
5053
3039
1910
2949
2045
3575
274
2607
1415
4364
2263
2113
2484
689
489
5295
1329
2101
3234
999
830
3336
3397
896
5141
2991
5062
2557
2577
3722
1645
2897
4121
3580
1807
553
768
5972
5465
123
4646
1656
4757
221
2237
2278
1927
973
5251
451
5823
4438
2122
5150
1352
1731
2716
4265
2662
3805
5819
3181
1988
4405
2253
380
3980
4250
1501
61
5847
5627
5891
2122
73
3589
927
3966
5865
579
5035
672
1669
4741
1675
5040
4879
1322
1991
1081
3505
2770
5664
214
1740
2251
5588
2560
2217
5340
5767
3365
3243
5271
18
2112
4593
5843
5573
2124
4139
2212
1232
3299
596
2817
2195
4893
3546
2196
4921
348
5623
3357
3645
2132
5634
1000
3091
2546
3903
5099
400
5854
5450
903
2540
5284
1240
4113
2979
2529
3327
5380
3039
4174
1548
2598
5123
765
2617
947
4571
4764
3119
4682
5077
3461
4566
1576
3422
5600
17
1831
3261
428
2718
3679
4845
4134
1772
5027
4976
1408
4936
5946
1054
928
5540
467
446
880
4091
1577
2181
3569
931
3361
1540
2131
936
783
2646
4005
1609
1525
3707
4158
510
5395
491
2176
4307
3952
889
1156
3971
1655
3282
1263
3656
1836
3181
675
4897
4443
1629
5318
67
5511
3636
5003
833
1020
3182
3356
563
722
882
3799
1507
2970
3680
1476
5792
2993
4598
3859
5129
2323
2370
2191
578
1324
2600
5465
4701
3497
674
5109
5419
5987
1752
624
4800
3329
5906
1320
2357
413
954
4276
5601
1677
779
1693
5249
4993
1000
2531
4795
694
5608
2507
5347
3056
528
4545
859
99
2008
4877
3659
3620
5303
1713
1353
2347
521
585
2067
4614
1877
4205
4373
5911
2512
1513
54
1055
497
2352
1619
1585
4928
2317
5546
5415
762
2613
2705
1675
2197
2816
3346
3502
1198
5438
3462
3357
4714
1437
75
3792
343
1891
1382
3945
3295
926
1660
4739
4799
2194
1654
5693
429
3037
1881
1998
1174
1297
4788
4587
3219
719
820
5464
3661
370
73
5232
4236
421
1122
200
5115
1807
167
1649
661
1237
5585
5385
2352
3856
1692
3595
856
1393
367
4670
1134
1914
5344
5737
3688
2162
2307
4076
4887
4776
1824
2728
1294
919
2784
3308
5695
5829
5191
3536
311
5534
2468
2313
152
65
4500
3465
2830
1420
2140
2027
1035
2710
2587
196
1629
3268
4099
3406
3148
609
4565
2199
3978
1620
1467
2082
1368
2573
2892
4951
4590
2498
3022
4819
695
1242
4536
118
4667
175
2115
1406
5059
2097
1185
3397
3706
1471
4562
5501
1448
3229
886
2638
5016
237
4413
4228
1684
2535
927
5883
481
3840
2027
1221
3787
5973
5474
443
2274
1552
4621
1645
3645
942
3017
361
1225
4277
3658
665
3346
446
5542
2636
5782
4555
5695
2953
1978
3902
4164
5440
1141
1812
4626
5053
1968
1006
5436
255
2489
1989
2239
2794
3023
3514
3941
4758
2901
212
5705
1183
4656
4241
2789
5425
577
5192
982
4200
1371
4549
5924
2324
4840
1505
28
3347
806
5549
2525
1442
2793
5236
202
1452
2156
1773
741
2610
1613
2642
5569
1602
5456
5518
4573
1831
4825
4265
16
2651
482
5284
2742
2645
16
3791
5803
4638
5941
5734
4056
1771
2833
4827
3047
5148
2846
2607
1706
5824
5359
5475
5235
917
3136
3637
2055
2567
111
4727
4896
5252
955
1078
3608
3817
4515
4855
2826
196
1460
2622
3035
4132
2613
1130
2146
429
104
597
4047
2374
303
4405
5996
674
5823
1363
4848
2696
1142
1600
1790
5397
2222
4594
5484
4188
59
5428
3572
32
1052
679
1681
4529
3829
5538
2466
4113
4254
5253
4955
1932
5255
1963
1505
4109
1426
4388
1301
5168
316
932
5701
5507
4735
1423
5788
2174
3780
4312
1347
5655
2854
350
1715
1327
5292
275
4570
4225
2641
5483
2073
5946
2901
5701
5486
5481
121
2856
4697
3759
5149
3602
3226
5502
1208
849
2386
836
4972
2095
5815
4550
1838
5956
3500
3533
1985
5353
5091
1530
5351
1892
5021
1562
1622
2766
3255
5788
3392
2318
1051
2419
4561
751
561
516
145
793
1889
2353
2050
675
1947
2464
3713
3036
422
2222
768
92
5496
294
4540
300
342
5996
4155
568
5728
764
5460
2013
4073
5165
4878
1881
444
1185
5071
1159
5831
5738
4834
23
314
5885
5975
1293
2035
4643
1433
1122
84
5045
3102
4403
851
2340
3402
1352
2363
2124
1569
872
683
2659
306
749
737
405
3010
2490
483
2168
4073
1893
1078
1272
3904
4600
5393
2870
887
5622
2278
3523
1715
2352
5522
2812
3671
3145
4505
601
5514
3993
1782
5444
4746
3953
894
4287
2296
1780
3051
895
5634
586
3713
2588
3520
4041
5714
5628
4683
76
4043
1733
2086
3227
4068
3983
5914
2048
2041
2909
2585
4639
720
131
2923
1871
2919
1201
765
2194
235
575
26
2
2810
57
2151
107
481
466
2062
2284
4941
892
940
1036
5132
4306
4960
4709
745
1733
2626
1288
3301
1504
4785
954
3933
1498
3276
584
3667
5459
3929
3539
4271
5882
4627
5454
582
3584
3863
1827
129
2005
2029
1478
4857
1352
3809
1084
2933
4789
2214
1824
541
412
5872
3441
366
551
471
2734
3715
913
659
2952
353
233
1560
1953
1164
298
1376
1596
4839
4526
4129
1655
313
4291
4864
917
3756
5763
1237
5059
4675
1113
3412
3639
1771
1422
5259
2589
438
1429
181
1493
3390
2315
5354
4882
1542
2282
1485
2081
5416
2174
1038
4361
3312
2930
4409
23
2249
2317
1084
255
3908
4220
3758
405
5006
3723
1567
5792
3111
5377
2624
2778
542
2539
3144
5205
3296
2326
3529
503
2757
1404
2817
80
2114
1438
895
4289
465
1142
3691
1321
5379
3941
3424
5906
2527
2752
4350
2906
220
1957
1998
3441
1332
821
616
2817
3404
4343
4440
448
5352
3411
5313
226
671
3577
1891
3860
1107
4140
3731
3376
4198
1891
1569
852
861
2362
2346
5431
1470
5780
955
1428
2589
99
4482
3780
4351
2600
79
1284
2050
887
5396
1141
2912
2513
4658
1719
3419
4236
2426
1709
1457
5755
3234
506
1653
2089
3322
551
5013
1046
4317
4756
5501
5002
1710
4609
3069
5248
3714
924
2245
5268
4196
5806
742
5774
813
2157
5007
4810
2021
537
1934
3384
3625
201
5859
4498
1774
96
2980
1078
1544
2465
1326
2418
1060
1982
5710
1553
1728
4596
1216
4720
3397
707
1755
5713
4902
2487
5545
262
3024
4241
4387
225
115
5817
1265
4126
4280
5874
3194
3080
2744
5669
4156
264
312
4750
1347
4382
199
832
5549
5678
176
686
4762
1619
1352
382
303
973
3727
4420
5260
1321
2435
3780
1257
5015
4146
1854
1450
611
2664
5550
2440
2143
4748
2971
5322
1238
5559
3480
2661
1024
4739
1321
5784
5326
1231
2252
1386
2821
3448
5313
974
4358
1245
5352
2815
5940
1234
2652
0
1589
4219
4315
4701
5447
4958
2114
1139
5988
2405
929
5569
1431
1072
4836
1298
5596
2541
2864
1732
2422
3002
4376
3170
136
5084
55
4987
5943
2901
3623
4308
3811
4205
2243
289
16
5032
1810
1806
4850
1982
4120
2119
782
4192
1142
2519
23
3159
1531
1873
5893
3755
2942
3172
5822
657
2248
2420
2512
5053
761
5050
4196
1584
924
1395
5483
4085
908
3256
688
2462
1300
2994
5224
3371
605
3590
562
844
2593
4413
5327
2094
1086
3809
4930
4555
4069
1067
2164
1858
4992
2121
2016
1201
3731
561
3925
5017
4422
4637
5202
5609
2793
2470
4116
3672
5472
4629
5335
1526
5221
1550
5078
4671
5525
3311
384
2767
1258
1530
154
3747
2930
5104
1666
1303
2871
1643
4449
227
5531
1836
4728
117
5941
2895
1844
2416
5201
206
3765
1296
4371
5082
4715
1158
1902
2173
1180
4693
1051
1428
4473
933
4881
5557
658
5545
1576
4089
5372
3427
343
431
2727
850
159
2212
4007
3951
4183
5634
4691
2606
1836
2108
831
253
2316
4581
2955
1609
5520
2264
5851
5421
556
1016
4387
2221
1147
5705
5276
3063
2186
451
5491
5026
173
5961
4465
4409
3735
4385
1302
4073
1192
2092
5996
2441
4269
5931
465
1723
42
2089
1753
3471
117
1946
5839
3508
4200
845
3480
131
4261
4666
2715
2791
4020
988
578
4183
5341
674
1146
481
1801
1329
278
465
1713
5312
2824
1598
4548
72
1912
847
5133
786
5885
5275
3128
221
41
5889
4988
2005
1219
4936
2756
5262
161
1453
1412
4694
4891
1733
619
945
960
2859
772
1315
265
2251
1511
3455
5270
623
1621
1954
1751
3744
403
4140
4518
2615
5713
4432
1887
4130
3036
3296
2049
1901
1579
798
5847
4661
5630
902
1112
4889
4496
2694
3377
5531
1478
3073
1796
895
2532
4794
1784
70
5805
2978
440
3617
5189
1305
3775
3976
4537
1486
2580
2515
1347
2846
156
3215
4885
5996
3780
1897
859
2468
155
2502
2021
3834
671
1734
2981
5389
1448
4525
4134
3947
1606
1985
4621
5966
5532
2426
2245
14
2066
5022
1440
1147
607
5514
220
4614
1220
2724
1534
1059
2666
5823
4304
3478
2103
48
3773
275
852
2309
1788
3853
1787
1546
2140
4492
2163
1894
1220
2942
4798
2935
2745
1699
1579
4316
311
1979
719
2473
355
1152
855
317
2517
4104
1986
719
5881
1202
3411
5742
4192
4336
4252
2965
2048
1888
2082
5144
5070
1642
2849
5554
3081
1241
5336
1025
851
2150
4297
29
5610
358
1313
5744
921
3882
1528
5939
3965
5611
1472
2072
2835
5870
1012
116
5572
373
1769
2345
1184
1081
1985
2439
5957
202
1259
5212
4371
2015
5951
4070
2228
2269
1463
3449
2325
2575
861
1398
1619
1677
5453
2430
2998
1758
2340
5424
1155
2146
2351
1075
4551
5060
1758
2176
281
4986
2323
2326
420
59
2703
3530
4357
2162
3372
3711
4848
2020
5909
576
5364
2035
412
2586
4793
1667
4957
5097
2358
616
4073
2314
5657
4211
5696
2372
948
4450
1675
4461
3387
5602
2027
368
5543
4056
2700
4214
2391
5650
5802
3211
644
1765
530
3718
4117
2570
5374
4846
3481
4885
773
924
1346
5527
3300
1660
5964
2665
1766
1877
2205
3268
5658
4045
1790
3658
227
5284
4456
3726
4701
827
2603
5167
4820
3169
4179
3033
4552
4929
2229
3266
5698
2694
2726
3782
2336
5696
3310
4154
3691
2241
5592
5569
832
91
1267
2653
4140
1125
2040
3349
5216
1213
5782
4513
4459
1402
732
459
477
4339
2471
2052
4925
1772
496
3160
2071
396
5141
1418
1665
1572
2340
321
2761
5539
3072
3178
1932
3350
4501
3973
3743
3942
4415
1767
2698
4284
5605
5846
1111
2145
1296
1987
1649
5995
2385
4865
5747
4992
2534
5410
3786
347
548
940
2919
2916
3228
4584
502
4500
2217
1601
1132
846
1189
2107
1431
4612
5646
2258
3155
5389
5667
4267
3713
5558
5424
5221
2579
1445
4737
3532
2981
2159
866
2147
5994
2066
3454
3436
5871
3471
2117
2118
4493
5549
2196
4690
4434
1538
3300
1125
331
423
3290
4064
550
4346
4721
2623
5574
5509
5447
3929
2822
4482
5251
2547
1696
5092
2870
5990
5650
1326
2724
5192
3674
5930
1218
3121
3549
2382
39
1180
54
5102
987
5767
4716
600
3167
5827
2184
1195
1766
908
3240
3718
2681
54
2192
3593
2574
477
1333
1298
1584
2373
4025
2896
4202
697
791
5107
1402
5516
3525
5061
4322
2687
643
3494
4964
1653
1367
304
2014
3043
518
1677
498
651
4193
1246
1543
5107
2775
972
791
2522
5633
4378
2025
3456
4244
3841
5479
1294
3918
2200
4736
2880
2364
840
385
3000
3105
420
5914
1832
4351
523
5064
2207
100
3701
1208
5777
3706
2866
512
1331
3321
852
2781
2645
2158
1358
140
4038
1149
4970
4886
2377
4553
1095
2727
5881
2588
628
1351
1227
498
874
3286
2370
579
1916
5930
838
2979
137
2222
1614
1891
2772
3202
5206
855
785
3622
4576
4632
5317
4833
1371
1474
3359
4882
2858
4989
1035
5433
4683
128
941
910
3151
1794
3589
4994
3380
5041
589
419
2730
5933
2664
5713
529
5301
468
3652
4096
3756
2211
4330
2799
1281
134
5241
2375
500
2299
2663
4577
5243
3867
5940
4916
646
1728
2617
2945
980
2191
1961
2396
480
3791
3666
4274
4815
5107
795
3094
2937
1174
2819
808
5717
1332
2553
661
4055
575
1243
2505
4483
197
2737
4576
4015
78
5946
4764
2722
3266
1202
3163
839
3963
2107
732
2602
806
164
3188
1803
462
3147
4762
2692
1503
3354
1064
4561
1805
300
3278
850
1597
1927
3404
3803
2457
3813
4806
2355
594
5333
3653
5048
5254
245
3230
4223
3078
5420
2063
3482
2117
1377
951
4666
3843
3963
2528
426
4192
5126
2442
5703
658
203
4266
2364
3132
461
5496
803
3310
4853
843
5882
4759
219
5252
2831
73
291
5479
5842
5493
212
1931
1026
1713
1535
542
2798
3727
2230
2950
5041
1858
1574
98
5078
4731
5344
944
1346
4716
4046
5786
2857
3837
622
263
1749
589
3059
5552
1009
3155
2047
895
4757
3593
1010
955
5084
3421
1
4016
5222
3074
5827
672
3298
331
4558
3
5908
3993
2506
1126
4990
1157
686
2943
1134
3588
549
2467
328
5744
2492
4828
4434
4893
5398
1973
1907
1789
41
2543
198
1590
1587
2591
3879
4322
1415
2739
766
2017
3901
1580
795
3362
4861
4420
3496
4676
2135
772
3403
4633
4275
876
5278
4139
1495
4348
151
652
884
4653
568
3811
3265
816
5177
5353
2633
4144
4087
3256
1680
2224
3528
5169
2998
1803
753
2575
2787
4319
4578
3748
99
3404
2392
4790
1408
1189
4678
3336
1227
2152
1282
2590
2580
1618
759
1860
2617
1950
860
5106
2605
202
3653
3267
2643
1889
5657
465
2974
557
4932
2036
4076
5988
186
4182
3315
2441
2609
2184
2698
4352
5175
3617
1797
387
5221
5304
1940
342
4726
1607
5510
3493
3426
3660
5031
2214
2837
1880
3998
2532
285
5946
2764
5419
764
2296
1179
2117
5807
5330
613
3489
2676
5034
4495
1061
1128
1880
3629
3958
4439
4205
2248
434
314
1847
2797
1241
44
3757
5234
4121
1956
1709
895
1704
298
1279
5036
1353
3343
4406
2457
3778
1332
2100
3559
5933
5029
4622
4877
2170
5878
223
748
5909
4049
2642
3036
3411
4150
2440
2316
1272
4001
108
123
4063
79
5923
2705
590
5319
352
166
3885
4574
1480
2421
4131
3252
1773
5804
3283
5748
5921
1485
2681
4810
4067
1004
4378
379
5678
478
3531
741
4662
5036
1405
520
2896
4553
1869
1808
1613
1083
2453
2949
3244
5827
4378
4582
126
3459
339
2165
1904
5770
63
1328
4220
3651
5774
5842
3099
3974
4037
2947
1438
5145
619
674
1799
545
3297
1149
5654
238
1816
1363
4105
1828
5470
63
1024
584
2069
4362
477
1932
5726
22
5460
3329
1395
4476
1262
3130
4001
412
2001
4893
5805
5192
3351
3669
4581
3655
4963
4355
4282
3841
180
4262
5032
5481
4545
85
2420
402
2299
853
2170
1100
5168
3606
2539
5154
1082
4345
229
1672
3706
5177
753
3077
1673
4221
3783
4376
5053
5560
3375
4762
5468
3802
2289
1353
2551
4560
1313
998
3720
5009
733
5982
4989
2217
193
5290
2402
1514
362
1235
1688
4295
1995
3220
1820
5807
4274
5100
3223
4432
5548
3153
2895
2143
4060
4942
5932
4772
2363
1213
4207
1134
5586
1586
1589
298
3324
3232
4947
3657
4873
3110
4589
237
2511
4388
436
1817
2260
4642
4273
1718
1513
394
5745
5051
4470
1006
5363
3175
395
3997
2634
4039
4490
2334
949
968
107
3397
1370
814
3830
5571
3592
398
1737
4946
1386
4480
4304
266
1549
1091
1391
699
1755
1603
2006
1804
2252
5153
4977
2651
3279
2604
5283
2623
2258
1984
889
82
2681
2811
4609
2100
145
2151
2321
2374
600
3804
1038
4264
4660
2681
2324
3215
3494
661
5987
2336
4088
1016
2600
2075
1063
2732
2159
347
2018
4030
5802
4230
819
2307
471
4448
5960
3508
1363
5275
3989
5873
5931
2898
237
1255
97
4392
747
5923
562
4812
5089
5245
3736
2098
2312
5161
3857
2905
517
1009
4853
5615
5604
5274
2459
1574
529
4937
4704
132
293
553
805
1174
3175
37
1521
4850
4894
2104
4719
1991
3262
1530
1306
333
1232
3651
1763
3667
5542
2227
5082
1890
5022
4702
4738
228
3136
4307
1109
5786
3947
3025
2796
1594
1678
1940
5570
5280
2240
1997
273
3562
877
1446
685
4085
2960
1559
2283
2270
5140
5156
2451
1832
2177
418
302
5610
1798
5180
86
1432
5264
5774
631
4163
3925
1280
5197
1778
5739
1702
3878
998
752
3305
749
2728
510
1740
467
5562
2670
481
4902
4572
1868
36
4986
5179
2607
1570
2831
911
5962
2597
2636
859
3406
1304
2568
5274
981
1868
3305
4513
1202
535
1301
2282
4780
4171
3153
2176
2992
3533
63
2359
3247
3239
687
5137
1629
135
4516
2896
4403
3838
1206
5163
3873
4473
3065
4100
2968
1689
4108
4293
1092
3783
5359
2360
1595
5089
3057
438
2749
4855
2306
4088
4395
2257
904
421
1479
3984
4004
4702
4354
389
2331
4055
1337
1888
3758
1425
5339
1670
963
25
4026
5385
4391
4457
663
5278
1443
5698
85
4396
2926
3485
511
5870
2728
4234
2557
1154
2895
3
222
2453
4836
489
1599
5107
1219
2296
1140
3627
5382
900
4913
4317
4608
3185
1858
3117
3934
2802
2930
1794
4722
5396
3729
3403
5324
4225
4000
3849
3244
2354
1060
300
3141
923
2243
1851
5424
1643
1299
4683
4178
2081
167
2010
3906
1516
2169
5250
5747
1816
1762
2381
5419
4072
4817
5780
211
5833
5496
5965
4795
903
87
3992
2973
550
5592
3534
4611
5991
3671
3747
54
2232
1986
5588
3400
4303
3521
3913
1407
1063
559
126
2719
5835
3668
2183
5460
3710
4514
4325
1265
1919
2403
4133
5183
4065
5277
971
2707
2980
3229
3802
1493
755
2828
1573
1415
3991
4951
5606
5038
2845
1559
217
778
3649
1863
1105
1016
2009
3266
1442
4355
4314
3273
4162
688
4898
2431
2197
4094
2901
3116
375
5626
3315
4940
183
5496
3671
4428
2421
2355
487
1550
4770
3726
4836
4103
5874
2141
2383
4507
3237
2685
592
1082
3306
479
5984
1972
3409
1129
870
5879
5069
600
1553
5591
5327
5634
26
3041
716
1910
1004
1580
1303
1384
3837
2493
837
4926
1697
20
3317
2384
382
1908
5338
1906
2228
1080
972
4621
5890
2417
1743
2451
3084
3548
312
1036
3626
804
1206
5088
1960
3723
552
1549
2975
544
1657
3820
5368
1085
983
1741
426
3419
99
1149
4041
3484
2941
1356
2078
89
1856
2519
3787
892
905
3366
152
3618
864
102
2131
1836
5131
472
929
4409
826
4583
5735
1055
1701
1786
2589
1739
5986
2461
1330
2409
2301
3047
2675
3370
3413
5266
5803
1201
1799
3021
4411
2018
3975
1243
4271
516
4394
3616
1972
1645
1861
5329
928
4498
1865
763
1853
5350
3934
5690
5980
1345
3727
147
2037
4137
2966
5701
962
5841
3851
3328
4039
715
3657
2682
4920
4433
336
4423
5786
453
351
246
2291
4049
324
3369
1557
3660
2957
278
3375
3854
3298
1561
2880
149
1616
5952
1644
5674
4851
1590
2841
1532
4053
1133
2306
4990
3883
3260
5642
2440
2907
5880
190
5849
2566
2751
3687
1196
1849
1742
3162
3472
2308
4170
3801
2861
4535
4694
3917
4112
5037
4326
1453
1986
4612
4149
3208
141
1648
472
5935
3090
4499
5321
4206
2296
1298
4035
1055
1417
3482
428
1439
3522
5931
5781
2988
78
679
1720
3636
2829
2055
3267
5633
5951
5623
5636
4094
4581
3940
2381
4177
57
2358
3543
657
1102
1389
797
360
1659
3268
3043
567
1874
80
943
3276
3013
1077
1660
632
1286
2478
3073
4542
4228
3628
4335
4454
3069
466
999
3000
2401
1024
4829
5650
5475
1878
4593
4181
1903
1172
363
3169
1136
4549
2657
1095
3808
70
2450
1950
3205
94
4669
2650
5500
2010
1057
4519
347
1392
314
916
1533
5873
292
977
1649
1492
3902
2688
1059
4467
3235
1082
4466
5585
373
3517
3723
3017
3148
5183
1329
1335
1140
5833
5855
2696
975
2494
1226
2283
2004
5272
2085
3300
647
1460
4119
4651
1946
2701
1629
3734
5627
4880
4043
1597
1521
2446
659
4115
4880
375
1429
320
316
1086
4022
161
5804
5611
491
1159
1724
1292
3520
1777
3437
5130
690
1177
2396
1866
4571
2867
815
924
2783
2217
1982
431
212
4869
1608
5074
1059
100
1715
4999
900
4953
3141
1548
5479
4970
4342
5612
988
2320
1801
3808
4668
4110
140
5715
1961
1542
1671
1266
440
2950
849
2378
5571
3044
1363
1560
2037
176
1591
41
505
2164
657
2253
3309
2830
416
5407
1527
4494
5714
5764
854
3128
5279
420
40
271
4664
218
1978
1281
433
3073
851
2767
4062
2381
4441
694
5893
3805
5782
2675
2093
1930
3839
1545
4009
786
2336
2696
455
1531
892
2366
1603
1752
2172
1827
2330
1593
435
4576
734
133
5577
1183
3400
56
2896
1489
3015
235
1554
3438
4023
5238
2238
2087
3345
690
971
5586
5668
382
3631
122
2880
1072
4644
577
4041
706
5587
1412
4489
1349
387
5516
198
5848
5530
1610
2098
5161
5293
5476
4139
1857
1173
2357
1387
3942
2683
1418
3346
326
5233
3150
4856
3149
391
1913
2765
82
3754
1299
125
5338
3616
4003
3346
4512
5778
1226
3968
4004
632
72
5445
686
1099
5471
1554
2482
600
4236
2035
109
3360
3606
963
3109
3464
2823
2302
5750
759
1912
50
1074
1188
486
2565
2310
5052
5245
665
1594
1088
2870
3777
4407
730
3185
4475
5847
5257
2625
2638
1981
2223
5337
3089
4435
2367
2556
4811
5998
213
3853
1882
181
1484
3827
3937
3477
2073
1215
2208
67
4345
1773
5328
5391
2569
4950
5234
4214
5830
4484
4888
2450
4293
3118
1858
3728
1201
1194
232
5091
270
1415
4166
1397
1240
5722
850
3750
3064
3615
1543
2491
1965
3995
3600
1797
4141
5141
4890
4885
2900
3783
4592
2478
4302
654
3586
2708
229
606
392
2034
1064
585
2189
5817
2122
2888
290
5601
2793
2137
3117
2763
2916
5581
2455
2236
4469
3826
2191
5988
2931
2276
4675
3288
771
4580
5802
4980
4650
3969
1186
2092
34
1988
3214
2130
5675
2117
2075
3005
292
1879
303
2666
3574
4365
1823
3105
5889
1240
1866
1060
2551
3028
4611
3606
2004
454
11
1737
5251
531
3343
5745
2125
2703
667
1197
4087
2747
4381
2673
2092
2105
1217
810
190
2727
3230
5251
235
3783
3092
1234
3796
4414
4992
129
3045
294
5412
4060
3276
2566
424
1733
824
5502
5479
5184
3714
2189
4692
54
2795
4531
5660
2741
2713
4355
3800
3786
4368
1832
5024
4760
5818
3354
2955
5060
2245
1992
2412
1382
3560
5181
2352
299
5884
1318
2266
2423
4793
2400
2089
101
4980
1802
4649
5309
3917
5012
3200
3320
2930
1645
1268
2530
697
4080
5525
4097
5457
2182
4638
258
634
2028
827
900
1317
2021
2863
1609
3726
4360
3247
2500
5772
4729
4417
4007
1034
5481
1744
439
63
2696
1122
3510
4398
133
1029
1679
1081
4615
1691
5886
906
547
2963
14
4922
1638
4317
2263
2798
646
2150
4441
84
5815
2411
5452
3176
1381
