6548
2844
3279
1476
1404
1036
2698
2852
6739
1547
364
2138
461
6748
5431
1384
5673
4214
2505
4329
3583
4034
4349
4568
5016
1798
5897
4473
4237
3498
2800
1909
1524
3211
3572
6165
4098
1634
1688
3000
5357
599
1105
464
498
5055
3808
197
1138
6037
3944
1092
1219
5188
405
2732
4125
3991
6889
153
782
3978
2756
6994
6508
5736
792
337
6249
3486
6105
3828
60
4956
5237
6834
2654
2548
1720
1841
2582
582
6711
1910
992
6328
552
584
4155
5410
5893
1014
371
632
5847
764
2934
4594
2136
5889
4423
4667
6388
2440
731
2403
6355
227
5651
6773
5723
6599
521
3205
5412
4803
4976
6896
2599
5312
3502
3400
301
4598
2618
2522
2905
1027
2165
1313
3914
1730
1730
3752
1003
4631
5465
2373
5646
5700
5521
4774
4633
212
1975
4137
588
2628
3603
4601
5668
26
6961
2663
147
4942
4733
4915
4257
934
1827
2544
6134
6139
3638
6818
3440
1361
2807
362
991
848
5416
335
4528
351
6365
5442
3188
1264
3377
2123
376
2300
829
6309
2634
2682
6286
1345
2494
2907
5949
3818
2390
3648
5920
3913
4975
3755
4521
4280
387
6823
5798
4741
3271
613
1611
594
6273
1427
1107
4883
1895
3104
6097
1277
3316
2529
4153
6849
753
956
59
3258
6503
6100
4475
6592
144
1394
1343
1386
6001
6843
4722
3724
2278
2998
1092
1896
1835
614
726
2562
366
2099
3962
629
6206
5687
4572
1670
674
5362
2141
4109
113
1413
6507
3377
5509
4025
4704
2538
4638
1910
4841
332
5934
1961
6397
1294
1222
2634
3764
6058
3769
2879
1370
6305
6669
5960
4083
6320
442
6517
1866
1024
3563
4813
2815
4587
5889
2082
5006
763
513
1868
3876
4538
5937
649
4802
2857
3241
5843
4290
1289
6818
1200
2424
6601
1240
5698
6353
2046
3742
1267
5409
4958
3069
4784
559
4222
1420
3934
4108
5393
5720
1576
4148
6102
6486
3609
2327
3718
5047
3431
5738
154
5252
6273
1971
6700
6098
1798
5354
3070
3810
4390
6869
2037
17
1172
1681
1546
6973
5348
1316
3165
5517
2206
3044
1995
1325
3082
4680
6709
4966
1611
2133
3287
596
5475
6308
5136
5822
4470
4416
3405
6376
6590
2560
1985
5912
4610
6007
1091
1201
1544
682
6941
44
2000
312
1456
3700
7000
3544
5203
2204
5907
3576
4822
4640
4112
708
803
4638
2229
4179
1747
1960
260
5013
3113
3185
3746
1429
595
5785
1203
1179
6409
2376
2989
4772
4697
2405
1459
2059
2743
6662
4912
5995
3868
6953
2179
372
2475
649
1377
638
4587
870
203
5734
4672
5389
5595
1442
5301
1429
113
6523
5902
2936
2034
1834
5427
5733
6722
810
704
3065
5006
2918
2561
5134
5841
2006
3045
417
3053
3627
2094
146
4432
681
3448
4004
2190
5081
4713
4861
810
6116
873
316
2022
4748
4859
1997
5270
364
1106
3363
2642
6469
1014
2278
4186
4238
528
6330
413
1807
1761
5141
602
6503
1640
5393
1114
29
2547
5831
2466
3340
5899
6044
5147
829
6946
4066
1983
3502
1561
3855
292
5076
6548
5030
6762
5675
2530
3470
4690
4676
1760
5708
3824
2585
6565
557
4784
3754
3023
2115
3709
6029
3141
1994
3676
756
1846
64
5675
3455
327
4248
4793
5765
6275
2295
3513
138
5538
3564
3187
562
766
4484
371
769
2659
4908
5400
5840
3857
1750
4569
3229
3413
1452
662
1036
1515
4618
5846
144
3018
5416
5474
3923
6282
530
2319
4666
1923
451
5468
3393
2721
5133
3976
3344
187
21
3711
4945
742
2321
2295
203
6119
106
3230
250
1877
3426
2927
2993
6078
4350
499
4005
1395
2161
3508
3219
5414
5670
6693
1163
2536
576
1768
5580
825
5591
4538
4324
4163
2149
2537
1902
6545
1813
6051
3809
3833
1398
1279
115
2122
3973
6113
772
5413
3928
6578
3262
4329
3633
5808
5229
2628
1288
3572
2431
6604
478
248
2299
3523
5632
874
1780
333
4310
5344
3249
6550
2519
2189
2837
5124
3322
43
5638
4925
3597
951
4950
6397
636
3304
3251
3384
4478
2140
598
5909
4188
5759
1789
3017
6136
3812
4455
4773
6211
1400
3647
165
35
6110
1175
5884
5131
4154
3790
2969
4427
982
1415
939
4143
1510
4015
1221
3901
5916
1702
4009
6867
2819
3312
2580
579
1077
3045
6983
5064
5296
5443
1083
4454
5950
6413
611
5723
1796
6018
847
3996
3953
1713
3399
4020
1775
6612
6767
3576
3744
2872
1768
6830
4675
4689
2354
906
2271
6599
3961
6295
6417
4143
4919
4067
781
3466
2112
5116
3924
2231
2598
2847
1835
1170
1570
2778
4759
729
3150
4073
163
5396
692
3269
5699
3865
3275
1319
2447
900
2592
2499
5221
2378
1077
6667
5370
3287
2833
6443
6512
5122
3237
2843
6768
1507
2659
3808
5956
3887
4236
4458
6166
1303
409
1024
1517
5329
1724
6571
5355
1664
587
3387
5951
4559
4649
356
5645
4749
2290
4770
368
4264
803
2102
4581
4717
6940
2431
2118
5440
1155
56
1381
3603
5376
3862
1072
6692
4114
1148
6907
6106
5834
3602
395
5982
3513
1976
5466
1940
3170
3042
3325
542
550
6769
1269
2949
1327
6321
3600
1572
6250
1509
6897
1464
6693
4667
3373
5398
3063
1089
2178
4128
516
5666
945
6250
2000
1678
1145
401
3755
2845
4813
6435
5995
3011
2283
99
5862
3610
1009
2596
2124
6193
5727
2798
583
6728
4217
3198
5696
4693
4468
4089
2760
1504
245
4799
5228
4348
6637
3414
2679
2171
4755
6255
4626
6022
2712
2275
1170
1784
3319
6599
4359
5792
5814
1493
2387
2740
1235
1966
3396
6807
2709
321
227
2688
4253
1188
4527
2185
345
6948
6226
2419
438
2910
5438
4015
6625
1272
3529
4733
1996
30
3560
6732
266
363
4275
2804
317
882
6525
3014
6293
5611
280
5428
6759
1520
964
4362
4371
4423
4506
5866
6936
3615
3921
231
732
628
1571
5752
2106
6700
2020
219
4884
2200
1589
3900
2190
3723
181
1685
2772
6957
819
4868
577
257
874
5126
4977
1003
40
6719
1099
3946
2780
1170
1433
1042
3047
6307
3262
5721
585
2015
2157
246
1501
6413
6889
98
201
739
157
573
683
1503
1359
929
1561
6458
1593
6301
179
2303
5858
4073
5510
646
1058
3481
4299
6215
4097
4041
2549
2850
3980
6488
67
131
4233
2976
4447
5832
5624
1127
3537
1763
2773
2428
834
6891
103
3854
1154
348
6212
1473
4052
4681
627
3836
80
1987
2845
3970
2469
6532
701
6831
696
6253
2114
1633
6230
5166
6749
2262
4167
3717
2562
5716
6237
1217
5557
5471
2081
2754
183
2984
2612
2134
5090
213
1737
253
1522
2884
4640
1363
2834
1164
2682
88
5211
3940
1888
4208
2326
4310
2478
6315
4780
4584
4815
4017
5932
3880
2431
5297
6104
1275
1135
5839
6798
4699
6971
4046
3693
2758
2095
2148
3820
825
5674
2646
1272
3603
1972
209
4318
2818
3494
437
1026
6662
351
2603
4897
3266
2031
2397
2141
5087
66
1941
4556
5826
4890
3568
756
2870
4606
6528
3557
895
439
520
593
1158
1294
5158
610
309
1123
1081
5450
934
1606
4368
5287
1077
5828
3644
483
6755
61
848
5864
3582
5673
6138
6370
387
1443
3352
816
2850
3867
530
5783
1742
4407
6879
1786
1524
5864
5650
1270
6458
4126
3436
2392
3401
648
3267
3392
3212
2567
4463
855
170
3906
6241
1026
3783
1143
3784
5879
3964
2962
5320
6993
1084
4600
5407
3591
6128
5335
5713
3490
122
3381
6719
2140
2589
1679
1140
2912
2696
4478
2003
4888
2532
3766
1769
6532
2599
2925
3485
4373
5380
1325
226
687
1458
4898
2090
933
2286
4038
5485
3188
650
395
5916
677
4683
1224
2778
6927
4333
951
2184
4481
773
550
5496
6472
502
4565
1666
4911
4036
5729
6469
3640
3024
4355
3773
4708
1095
4594
5295
6988
1123
3404
5223
2553
3937
3707
865
6100
4265
3885
5507
4081
3738
6442
3360
4744
5463
1519
798
1268
3269
2010
6671
1407
3248
1948
4615
3682
6626
5215
2166
2060
1166
4905
624
4769
6061
6907
2964
6644
6045
4676
1733
303
1488
1210
5417
2320
2050
1802
6614
5148
1920
6891
861
2383
6430
4732
6508
76
4162
6999
3239
649
5291
4610
3127
3496
2738
2248
3807
4845
3245
6696
2651
979
8
2514
4418
3954
2664
1874
2633
1947
2992
208
1711
6983
464
921
3132
2281
4444
6922
2823
2546
3551
491
6000
1065
1869
6986
1241
3298
1321
4580
2597
3580
5552
2889
703
6710
1067
3459
6161
1700
518
1924
1771
3455
3608
5283
5429
1901
6423
6793
3106
4325
2361
262
3824
4031
6280
4020
3809
3619
802
4938
3641
2793
532
4466
834
2199
4563
1494
239
186
4168
4353
1759
72
895
2558
4651
3419
4265
6828
443
4398
5733
5136
1151
1582
296
4608
4406
2261
4284
3118
2168
3946
2342
2733
4962
106
6578
941
4222
1298
2877
455
5801
6941
3248
5703
2023
6297
3589
5075
6072
2722
3217
297
6086
1128
5175
4125
4095
4222
4959
4496
2296
4822
354
3349
2643
4663
2607
2502
5723
1671
1507
2022
2662
716
4895
458
2322
1872
2991
4988
4394
3039
3255
1674
6753
6718
2673
5302
346
6814
616
5131
6932
129
6862
2511
1130
5410
1983
88
4855
6055
2662
488
2988
3835
2421
3019
2110
4466
5519
3089
1694
3928
4594
4980
1540
851
1949
4518
3271
4126
2878
6637
1530
2510
1664
4355
3500
4910
6868
2402
807
4940
1630
3885
4593
3336
1486
2365
3446
4037
6908
1309
5425
2986
5811
5852
6386
2724
3189
2978
5387
1327
4438
6074
2518
531
3724
1607
289
3087
782
6596
2739
6461
682
4648
3935
3750
2815
3928
177
1761
5399
1935
5152
6649
3083
5481
724
169
5981
2536
2325
5130
2584
5770
2162
2925
4270
3588
3913
1124
4320
1081
2361
1677
4010
4519
873
2208
5023
2164
1174
2454
5919
2846
1139
4135
4181
504
15
4001
3176
3164
415
557
3963
6023
4938
3879
929
4025
4429
4276
5142
5013
1643
6867
2076
1410
5679
4389
6264
981
4569
1150
3848
329
6002
4973
184
6828
4504
2908
5793
2662
4338
2178
766
3161
2633
3746
5599
1477
2300
5344
270
5280
6108
2184
1265
593
5969
3518
4529
310
279
1284
3782
268
5523
1764
3294
5852
1459
1563
3822
2006
1467
637
1545
5197
4296
4572
4096
6914
5868
1203
558
1036
5772
4766
5417
2928
4822
1367
4930
586
247
984
1054
6662
657
2369
2016
4956
2414
1275
6001
2234
1059
2125
683
4695
3763
2802
3221
3365
1405
6515
2694
3410
5679
383
4345
2923
1433
1543
2885
2454
5676
2304
6928
2866
2472
2772
3457
255
3683
5046
4224
5033
1483
4851
6399
3670
2604
6102
221
274
4067
245
3199
504
4895
4505
1843
4679
5402
1913
646
4823
2556
4230
6875
883
4441
4689
5316
130
83
1332
2129
5444
4806
6625
3502
2401
1464
4775
1563
442
6648
438
5425
6688
6036
4050
1393
5942
3971
4705
2825
4576
1136
2673
350
1310
3444
4672
2599
3934
1741
992
805
6155
4734
6804
6879
1665
6491
342
1924
2258
5347
3157
3323
6589
5452
1342
3927
50
1785
1641
2102
6097
1220
4476
5259
2859
4530
1111
4437
6760
3285
4813
1319
2918
5092
1529
1005
4689
1322
2728
433
2524
4535
6300
6912
3523
3046
395
3358
6463
2137
280
4992
271
5577
4170
4481
4891
6335
2889
3265
6725
362
1272
6663
3899
3872
5015
2960
1491
1442
2547
5438
631
4697
4549
2808
6363
1978
6626
2809
5520
4719
5255
1604
3960
2057
2453
6063
4595
1954
4489
3117
4397
3647
6016
3568
5851
234
2784
1360
1062
1775
1344
4259
3329
485
5899
987
659
6434
6431
2858
5919
5634
6217
2883
4286
2769
1716
4315
4280
6366
1939
3383
3371
1601
3904
4220
1412
3456
381
1473
1133
1088
4591
4908
4014
1433
3651
6204
759
5386
3848
6297
475
1859
6130
5605
5111
4319
3513
237
4663
5184
2053
5236
451
6944
6676
2017
4577
2983
5189
3349
2169
1117
688
3610
3436
2006
4419
100
4982
2830
4605
6368
1125
780
265
6380
3506
6866
6327
4045
6530
3668
3954
733
4710
3185
2284
1811
1986
903
5133
157
2902
2677
728
5806
4938
2021
4600
3625
2620
3498
4358
3293
6159
6189
1970
6412
6574
4587
1095
4640
4308
1247
1602
2768
6952
2565
5853
1428
1344
183
1452
3376
36
2551
3205
2913
3273
2753
4662
2848
6996
4197
456
6507
2751
4280
374
1978
3149
4163
5924
4903
4548
464
6741
2772
722
2406
1430
3149
4005
2720
3931
5842
17
5839
3831
2276
2787
1304
4388
6621
5876
2467
5650
6370
4194
5365
153
3476
1045
1822
3079
5457
2391
5323
2132
4068
1068
5523
2756
6706
4964
2057
663
224
550
2135
6722
4214
1181
3234
2575
2916
1822
6402
1906
4985
5374
4688
3057
4322
6338
4054
2285
4083
5388
1650
668
281
9
1755
3975
42
1521
6613
4528
27
4318
3059
1155
6790
3802
982
4626
5305
4604
1588
2834
6668
1822
5371
3146
5342
2078
4370
668
5544
156
6970
4732
3635
4066
2969
1211
6083
1152
212
2240
2060
502
544
6395
5228
2353
1866
3196
3663
5730
2931
5258
1421
3426
4706
499
6909
6817
4307
1808
579
1958
4684
6780
5187
4024
3289
3463
5440
4685
5087
3061
5783
4261
3494
3337
1728
658
5138
2306
6465
1971
302
404
230
6430
862
1797
2225
6843
1953
6215
615
3176
363
5579
588
2643
389
423
6703
3776
108
1273
668
1013
5600
4813
3235
5131
3923
2471
5777
2077
5891
4431
2291
2960
4654
5741
855
2946
603
1796
3059
1311
459
6208
3799
2894
2207
1
1911
257
2558
2520
6844
6921
4102
2104
2090
6595
3995
3804
2739
3820
2380
2710
6489
4261
4825
1101
432
891
5155
3921
2765
1221
827
1289
900
6302
3701
1983
4087
789
5117
6706
4214
1113
1740
6661
2665
705
530
5439
3088
4896
4005
2728
2448
3170
234
1439
3186
4707
2477
3882
3807
1118
5201
3759
3281
2838
855
3371
172
3151
3587
3805
805
753
40
5858
4256
6998
3874
1347
5390
4081
261
2479
2723
173
148
3382
6416
157
1462
3903
2943
4627
9
4570
3689
3976
6915
333
616
5767
6699
4102
6718
2212
3788
5001
5850
5892
6488
1046
5811
2309
4905
1070
1368
3109
1003
635
253
1221
554
5371
4201
3670
5037
3803
3942
2927
3672
4731
3792
2655
825
5431
1642
2361
4794
4088
6699
1397
2001
3837
2584
6068
2479
6589
1365
3938
110
4396
718
6430
1456
2128
4005
2873
6234
2506
3454
2930
6420
4063
1050
2190
1221
170
2345
812
654
4517
3217
2645
5922
6095
776
1057
4314
2761
5671
1973
2662
6988
2082
234
2133
3421
1287
4399
6956
1618
3709
2671
1237
6573
6959
4155
3308
5772
2185
4675
6229
2668
5798
5414
4693
5740
816
6240
1474
768
695
1650
1310
1992
3793
642
4100
6184
3902
1822
4439
5570
3787
6100
3228
5380
768
6162
1148
1472
3882
561
160
3034
3811
3308
1869
3
436
5790
2574
1720
827
1048
3294
3300
4553
106
367
4284
1208
3070
1560
1866
365
5906
2754
2293
6240
3942
1449
3344
4935
1058
4120
5090
2552
4579
2177
4192
4493
909
1016
1128
6143
3079
3023
876
947
1110
1499
5039
5491
4955
4894
3084
3952
4513
2967
3344
55
872
321
717
729
489
5509
473
2821
6072
4220
2101
3385
11
2700
3487
4933
4296
5312
230
3399
1581
4791
5409
3249
6881
5365
6824
1364
4849
1040
1673
3115
2924
4283
3521
2721
3205
2571
5754
2579
513
771
659
3872
5009
547
5164
4228
3848
4379
6186
5633
240
6617
4043
1958
4134
2066
756
539
5578
2173
4166
3529
186
4493
4468
3435
4243
5758
6426
55
6751
2009
5809
3309
2080
5033
6746
5987
6003
4561
1582
1500
3018
1556
6047
4311
6358
1971
4626
6725
1101
824
346
5627
1868
6989
4818
2519
4191
5832
1150
4642
1984
2465
4043
3358
5615
6363
3222
5142
6437
2124
3863
919
2348
2032
3928
924
5076
3987
2199
4287
5085
4239
194
1949
1297
2740
668
6165
6088
3819
6808
4705
1300
364
6927
5804
265
5296
3036
1081
3128
5980
6252
1881
398
198
1121
1154
3935
3131
2314
2900
5643
4161
1091
3489
1683
4598
3372
1922
4234
6531
4153
4830
6141
1814
6572
4975
1423
1376
6797
168
4231
4915
1283
4734
4604
998
517
2574
4407
2596
1357
5074
3444
646
2111
2456
4068
3053
2883
5176
2671
3040
1685
4813
2063
2322
3638
2320
6216
4121
5042
1455
3961
2888
4041
2659
1609
871
6410
2445
4139
4212
2023
1674
6075
4013
4019
2509
898
3765
4700
906
1174
6680
2016
1905
2984
3043
2857
1361
2747
1122
3999
3971
4473
2499
5679
4909
4324
4570
1544
2768
5606
3689
6318
1875
5681
2077
4506
2812
3454
4037
1581
6399
2259
6334
503
2569
2467
1535
3508
689
909
4233
4302
4199
5460
225
3372
4331
4868
1345
5071
468
2404
434
3794
973
1615
202
432
4164
421
4287
2411
4064
6705
3383
5377
1485
3665
3235
1654
3779
1281
2804
1560
834
2786
3242
3133
5370
914
234
594
4216
5010
6207
6550
808
732
14
6585
5395
1556
6391
3328
1616
6264
2758
3326
4783
853
5513
2194
4125
5232
3736
6501
6552
1912
3074
758
539
4060
4300
5884
1365
1020
5932
2759
3343
862
6691
2205
259
1019
3577
6785
2133
2427
5651
5964
4570
423
1852
4574
4868
339
3191
1591
949
6414
6418
879
3187
927
1100
5400
250
1625
1942
5379
5610
2862
377
5173
5728
2567
4245
5304
1232
4186
278
835
6643
2414
908
2787
6459
449
3117
3178
3369
1751
2372
149
1019
4404
2744
3770
6657
4660
4452
1200
4474
799
4535
352
3747
3601
1434
6958
4181
33
6115
412
2774
6933
2977
6373
4415
5618
1724
3822
2600
1741
4155
1529
49
1824
3601
2547
582
3551
6075
4037
1398
3243
1648
6479
3953
4115
3063
2599
1792
4438
6426
4860
955
728
6996
943
1378
4925
481
2253
1123
6556
677
2820
6415
2023
3829
2744
4009
1611
599
3775
6913
5262
5462
2272
4196
4459
6747
5920
5710
4364
4260
1742
1863
3671
6072
1660
2060
4192
2173
1128
1686
3011
4966
5315
28
2865
4609
6770
1072
268
1162
1085
1145
6901
2745
326
2305
5628
1450
4158
1937
3520
1165
1317
1387
987
3427
4229
6242
4686
1080
30
6436
3756
5453
668
3222
4661
854
4729
4181
3546
1360
3237
3822
4231
2290
1217
558
1974
3074
4570
4312
3875
6715
6298
4925
6550
1217
1429
2063
6231
1743
238
6020
1083
977
3084
2575
3749
5322
4653
6667
6876
143
2520
1735
2772
4678
4687
3452
6970
2631
4780
2977
2845
6030
6799
3270
6296
2475
3825
735
1857
491
2194
4779
6406
5257
21
3558
1442
972
4502
1839
3517
4630
6773
2511
6308
4221
113
1166
6441
4069
1426
4436
5640
3729
3862
3722
808
1877
290
4065
3574
4203
3266
2264
5728
2939
4304
2233
4028
83
1402
1461
3616
1815
6904
2138
357
1311
6859
2627
3097
449
6700
3551
1441
983
2459
4032
5320
2267
4772
4455
3179
1728
2518
245
1937
2790
2012
1210
4583
1955
1460
5507
1433
866
2370
908
3709
1837
1449
208
3
4766
4097
3966
643
1932
4781
1636
123
2896
7000
851
1918
4231
2941
2704
803
743
6827
5456
870
4384
4895
2168
5589
2590
3704
1473
356
946
1576
4736
3109
2892
6954
2444
429
557
2654
953
3399
1366
778
4088
1537
5133
4452
1837
5927
5374
1208
5770
3207
1717
2144
5086
6584
4201
6454
6321
2798
6576
5623
6016
6955
342
1862
2585
5197
5573
5836
4139
5970
1211
6932
6065
6812
5885
6137
3529
552
2899
6407
4549
5594
802
1573
6882
2275
1554
3246
1241
5268
4447
1900
539
6727
3802
3014
821
3603
3481
2538
3514
3491
135
6121
2991
6200
4193
1770
1881
3282
3944
3504
6260
5058
5032
1476
6862
402
5384
4776
150
5030
6782
3650
5778
2441
6833
4858
415
5520
281
3374
611
1497
3430
6315
5200
2951
1317
821
497
599
1537
5369
5965
1367
64
1550
6551
4300
4356
4526
5033
1792
1350
39
1652
6524
4167
3680
4467
2845
5523
2175
4232
1409
1610
506
1854
5290
1776
158
143
343
3586
939
5560
1497
2815
5709
5212
6181
2017
6760
3706
2767
4657
2930
826
5991
652
2075
4432
6451
1778
1176
3814
236
2015
4523
424
3177
6351
869
3800
3711
404
1706
6774
3980
987
3031
4034
3380
5319
1341
347
6430
6520
2346
1361
6981
67
6423
546
4185
646
6539
3061
110
1681
2976
1506
3311
606
2917
5189
780
4474
6701
4168
5031
6837
526
4184
2824
5853
2920
5679
2229
18
1478
6350
6750
4834
1412
462
920
5222
352
602
3807
3286
5550
762
3656
6136
6011
2484
2986
1156
268
3901
6130
2823
2129
2043
614
5619
6690
2541
1116
2493
735
2046
673
4254
3806
1845
4270
5913
1400
2045
4934
3385
2475
2926
2386
5790
3969
2782
3645
2455
3300
4965
4493
3251
1707
681
2151
493
155
3849
2778
2069
1929
2681
1009
2794
3623
2484
3293
3096
2157
1211
6978
6705
1768
1089
703
6970
4357
1686
1192
2778
3523
1418
2603
2153
4051
3146
4247
4051
2894
6113
4878
1898
1561
3702
3847
5806
9
1
6603
994
5735
1137
4547
2611
4043
4417
4784
1574
1852
4015
5896
6940
1686
1447
3153
1592
1647
5463
4069
2453
742
909
1105
6155
62
2771
1154
3567
2606
3616
2025
2032
701
6786
2132
115
4171
3430
2540
3528
2639
4745
5428
2161
4847
5777
2336
4939
145
5582
1377
6557
4899
5417
1888
3509
4030
4236
4312
3474
4125
3326
3358
714
3078
4620
2053
4632
5861
2194
3388
2304
2251
3598
1820
6776
5373
3495
3847
6777
6888
6195
6105
2334
4580
1641
6102
4947
750
3189
1238
4566
3590
3543
6429
6278
6765
6559
5038
3982
368
425
717
2109
2968
5034
4459
3053
1943
2284
4881
5525
381
2682
248
4930
2316
4190
6411
3715
203
3644
6551
2576
6334
1221
274
3510
640
3208
2646
3101
1495
1853
178
1465
1469
3677
4615
2137
1782
2369
2843
2575
2825
4400
1455
124
6947
1736
457
5557
4535
5123
4408
5590
5236
148
2724
3699
459
6150
1080
3622
1354
1096
928
4391
600
3364
911
2346
4425
1864
405
634
3109
4159
6724
5111
854
1551
381
5765
5817
2069
901
1862
1723
1709
3527
678
721
1182
6902
3292
3129
1842
4568
1927
2663
3436
6331
2872
1716
950
739
3142
763
3981
6411
2955
737
3738
2299
657
2287
669
2191
4053
1297
4882
2749
3308
4038
6557
3788
3263
4264
2849
6489
140
2122
5162
4263
1551
3286
4116
227
850
6535
1106
754
5895
1600
1235
2826
1575
1166
2033
3319
6939
6241
3717
379
182
1002
735
3777
3331
1801
5232
2295
6412
2135
5022
6165
4391
4073
1972
515
1774
2335
6461
2115
3810
2233
5576
1318
4358
3787
251
6973
4226
4147
3862
4197
2208
2374
6397
3021
2222
1328
2942
2092
564
5026
1712
901
6799
850
5964
1516
660
6771
5474
6969
1459
3260
2362
2392
1393
4226
1153
6668
2266
684
1267
3718
317
4077
1672
5323
1780
5220
5998
2485
6026
5570
3144
930
2539
5653
3841
823
3098
4846
6504
5149
295
4330
2795
1641
2332
2433
2967
5806
1287
3066
3774
2670
175
3724
6670
3073
2489
5922
1016
2816
194
2185
679
5067
834
2111
6715
6061
3645
6786
6120
845
124
2159
3905
4396
1611
4818
1953
5904
2689
3526
2526
807
1760
2861
3948
3022
6004
4425
2446
404
6019
4507
1895
3535
2258
878
2291
2115
411
689
870
3657
4160
4543
321
2487
6164
714
3004
1837
4272
5663
2502
623
6076
6960
3755
800
5620
3271
6095
4830
708
2570
347
3148
1551
4918
3585
4321
6531
2403
5756
2247
542
4293
2743
4484
3238
2150
6810
5363
6957
329
6276
4822
857
2184
79
1924
5038
6836
315
5176
4497
6867
3277
6318
6102
5028
203
515
5632
3409
5227
4692
1534
532
702
691
1815
3792
1693
595
3594
1217
2256
5134
5394
6337
3125
2735
1839
4516
3819
4736
3640
1289
3906
4624
5698
264
353
2560
5897
3883
4713
655
1798
1222
88
681
428
49
6485
4766
4150
37
1920
501
2759
1964
1783
4987
1772
3781
4913
303
4182
1951
2144
3713
536
758
2838
1530
4766
5401
2331
5925
1641
1578
1864
5000
869
445
2461
5228
1287
2102
2868
4657
2524
726
5924
6025
2229
6648
3211
939
3665
601
4877
5116
928
4475
6001
5238
5469
2284
5704
6405
2540
3417
4585
2926
1192
4722
1119
1450
2257
6979
6
1019
6048
28
4104
3550
6243
2679
5451
4438
944
4682
207
4008
4355
3637
1311
5759
2730
6204
851
2645
4613
576
4116
5247
764
4784
2166
5024
1768
2072
6839
4032
3951
3149
1387
2909
6253
6514
1675
4044
4845
90
6451
2631
2464
6306
3307
142
6591
5339
6824
4502
1855
4966
1205
4482
1922
5993
237
6897
6883
2096
3938
2878
4401
1059
2232
2807
339
4097
2762
5556
4507
4362
1849
6399
1785
5560
884
6943
2059
2979
70
1762
3434
6806
5385
652
1317
1112
6470
3133
69
2025
2235
3477
67
2950
2132
2301
1754
3634
5709
3219
6331
4250
2148
4555
2724
1079
1249
5446
1225
4397
3784
3046
5393
2337
5306
3519
3627
833
1454
6681
2489
5955
5497
2725
5639
2885
2975
5571
1099
3690
58
3543
3739
6675
4017
700
4621
3329
4438
3443
2907
4504
1367
5855
2709
1400
3454
4579
257
3539
468
5081
3133
478
5558
5306
4359
6148
2157
3439
6672
6618
3478
6541
416
5955
6633
1605
693
5555
3610
4462
2478
4665
1679
3282
474
5856
4385
2830
2698
2305
2531
520
1682
4261
5851
6591
1201
3187
3759
5562
6649
4551
5174
5432
1362
5396
4094
2344
1564
603
3232
3003
807
3174
1790
5304
4951
637
3250
2244
4403
844
4113
15
5703
5041
2638
2738
4692
4616
79
3473
1848
695
1479
940
545
172
4479
1166
262
3579
603
1361
4550
2255
3222
3781
2278
4991
6798
5059
145
2615
1372
6754
687
3578
6020
4120
3381
4266
4393
830
6023
2334
4794
3816
247
6210
1553
1146
4698
5660
4620
1748
5150
3295
477
4927
764
6943
2845
2249
1955
5188
2209
2990
5484
230
2688
2847
3079
6609
3899
4170
5511
1768
4117
6259
1249
777
3061
1245
5181
6859
773
2696
4311
136
6508
1313
2598
831
43
3762
4124
3352
4975
1863
5109
3614
169
5818
1382
6332
2302
3860
2112
4607
2278
5729
3117
656
487
5540
196
1447
4626
2657
2233
2024
3716
2393
4135
6067
4640
3810
4496
5061
3235
626
1984
944
5826
3618
6150
1762
2994
4913
2978
6537
6414
2428
4206
499
5717
4465
5341
1768
1336
5637
5195
5896
2484
6215
374
6082
6479
1582
1644
5961
6481
6422
4173
1695
5849
6095
5262
4683
6821
5700
190
2551
548
1529
3604
6182
5135
573
143
714
6131
1854
6209
5615
3645
2231
1193
4908
6708
1528
2462
860
1234
979
4382
3176
264
2598
6389
2805
2840
470
712
2903
1011
1997
3949
1451
3582
6304
2251
13
1597
499
4074
1502
3246
5730
1402
5596
1837
6076
5334
264
3651
3913
3485
4241
695
3978
6460
1767
5851
2307
5674
1206
728
5247
6667
2564
3350
6446
2478
411
2631
4556
5613
4516
6550
6876
5927
3507
4448
4149
5200
2367
2157
193
710
3058
4597
2534
3427
6375
4578
6464
558
4096
3932
6190
6919
1125
6706
148
4280
6732
5484
3217
6910
6306
2270
3192
4623
313
1476
3650
4730
1999
3627
910
1507
4103
2257
590
1031
6885
1724
6023
307
1280
5741
242
3412
4722
1607
1206
519
6579
6244
4651
2834
213
2334
4614
6701
3997
2933
3743
3146
450
5100
6036
149
3873
2561
974
6275
6724
4444
6186
4216
2489
816
6556
647
3870
1751
5006
5937
865
829
3815
3282
2274
6886
4611
1830
3087
4659
1569
695
5464
1642
1897
3844
699
4700
6724
1418
6245
5870
3276
3509
813
180
5020
3853
6722
6526
5052
6206
4109
5993
5118
408
4159
6520
2356
1266
6423
2327
4294
884
2655
4250
3178
6968
6228
987
5140
5037
490
5820
3496
6530
2076
688
1788
813
2415
3529
6972
1877
1554
3321
1991
3918
1758
5807
4085
1201
3387
974
532
3769
626
366
6447
4485
884
2045
261
1440
6910
6331
6407
1788
224
1262
3228
3569
2485
3579
3034
1383
6045
6996
2081
3250
6366
2009
4918
3465
5915
2940
400
5378
4615
3177
6387
4582
6405
6852
3631
1725
403
176
4923
2200
2229
5424
6967
1949
3636
941
1814
323
1737
3031
4297
3160
2964
4127
5093
6295
6774
1161
3041
5578
551
4558
5041
4272
1838
2457
5998
1774
1800
3060
1845
561
2606
5054
1608
808
6788
3861
3585
2465
4570
512
5521
6896
3993
2088
5207
1807
2517
4935
3044
2445
1820
833
332
2025
2776
3746
3378
2968
3097
2659
2853
71
2179
810
2021
3497
263
4034
6158
693
1792
3884
901
4734
2004
4560
1735
2051
480
2100
5030
132
6972
4834
2017
4193
3123
6960
4052
5476
2744
5103
6696
337
5850
3005
2284
678
2077
2371
3519
533
961
5660
6799
6735
1056
5897
3276
5663
5363
3857
6826
1288
1957
5551
2019
6241
3094
3409
6983
1252
2828
2501
1290
1843
6064
489
4267
4752
6172
4235
6245
4208
4186
2950
5360
5220
1847
434
2255
3501
6594
2764
4526
2586
185
3717
4095
2565
4450
478
2690
1749
421
649
5151
4007
1285
5475
5286
5902
5655
3202
4269
3053
3642
6699
4420
5300
2003
957
1271
1016
2730
161
6199
6488
2754
6755
3119
2734
3496
5672
2902
3207
3232
5322
2144
124
1346
6482
3160
4865
2327
2064
6935
3286
4531
1919
839
1344
3080
6229
751
2586
2821
4509
1938
4714
5165
3587
3849
2902
5379
2799
1086
2888
6662
5744
23
5370
1095
6151
972
3111
1916
5829
413
3054
4651
1746
5983
509
1323
2936
1771
4236
1516
865
526
6246
2371
3539
2161
684
261
1270
2974
6081
3037
5119
4657
1087
3930
4430
2016
896
4843
2951
3996
3912
3058
2623
3421
1449
1672
1272
5469
628
4250
6597
58
2616
2496
2203
5761
1283
5620
3325
2744
5096
382
6339
1271
4789
3319
5864
849
4265
3690
2868
4857
5766
646
826
2993
4134
5703
4118
2157
1307
1764
1661
790
380
5826
1857
4527
2125
1000
4037
128
2504
5881
510
1212
2103
6043
829
1766
3760
4210
2941
2289
5216
6855
1989
5511
2262
2973
42
3505
3276
349
5619
6295
2356
2863
4470
167
5697
4735
839
2072
4428
411
4480
2471
3063
3901
3064
2564
5234
2371
796
5179
6744
4669
6819
3050
2326
2917
1117
5009
6363
5607
5094
3827
2857
6514
514
4273
4472
4228
4709
6495
3724
3780
4257
3104
4872
2295
2611
1250
3515
2542
462
2057
6471
2150
4088
6661
2600
2951
2868
577
89
1445
5312
2437
36
5615
3387
789
2986
2432
5746
2575
1562
2194
2356
1816
3083
5645
1110
1096
6505
3787
3706
2812
3926
1904
3694
6895
4621
4128
508
3235
623
1322
2091
6619
4257
4690
5462
4545
2759
3845
880
3237
2372
81
3214
191
1711
1444
2271
3638
4076
4332
3035
3686
2043
3321
3606
4042
1713
2193
5464
5075
1771
4006
2557
2895
6193
5196
1330
2725
1138
5276
589
900
2082
1032
2011
4646
3122
6733
2927
5859
6181
4097
4359
3806
2397
2864
1623
3654
1935
6349
5905
1361
2984
2809
2197
3764
2016
752
1796
3871
1401
2841
1762
4723
4933
803
5380
1239
1612
2862
4215
3005
4739
2165
4325
417
5206
1071
4616
6732
5421
6196
5923
3952
2353
4356
3329
3460
5453
5433
5589
3169
3233
1208
538
838
1900
1607
3401
2154
3833
2967
4872
4827
4751
1839
4323
358
93
6736
5577
3305
6040
2265
354
1822
3904
5344
1104
1481
720
6716
2178
5399
195
4353
4947
3881
4037
4820
134
1161
6129
1016
3464
5047
182
5298
2904
1876
3326
251
1805
138
3447
3781
6959
833
776
1491
4508
4540
3590
5532
2013
4222
1021
3795
1849
3512
6602
6510
6331
1918
5725
6530
631
2652
318
2698
5598
3283
4337
795
2197
1974
3087
2893
3999
4672
3515
1825
3594
1371
330
1979
3467
655
3558
6896
5939
1077
3932
4148
4715
1434
3250
4808
1896
3840
5939
1841
3911
1302
2677
3618
1481
4815
4136
4918
6664
1436
2835
3211
304
1925
3997
81
4891
5601
4584
3507
1214
949
2861
3895
3465
2131
2451
6224
2801
6075
2610
2977
3039
2249
6065
5227
5983
2639
4849
626
2121
2816
6566
1532
5358
2651
2904
5558
6851
4551
1757
1843
6802
3240
4248
2134
3737
1731
1532
6464
1535
2554
2685
5526
1155
1321
4625
6494
3097
1692
4214
5720
2989
4623
2706
1510
3835
5262
682
2290
2600
4645
907
6906
1892
3798
736
3355
6375
3369
4049
231
2832
980
5255
5833
3122
1072
3361
2545
5814
1427
5
4535
863
5547
3660
2123
4176
2447
6168
6089
4136
6377
3974
6476
5276
5973
2233
4797
5200
1294
2964
596
6785
28
3719
6700
4540
6938
3681
2109
5958
6562
5024
4393
5792
4638
1711
1950
364
1104
4038
4219
6903
5836
4835
4174
2811
4088
5667
2571
5486
6353
1644
3119
1555
5874
3978
5331
700
5948
1162
3698
6951
1315
327
2251
4274
1298
6549
3352
2741
4451
2940
1585
3799
4517
5242
402
1190
4732
6755
4009
720
4271
6864
2961
5667
4195
3717
620
873
2012
3736
4842
2517
5119
764
1523
6022
4815
3265
1000
483
3861
1073
5075
6176
1747
3354
4401
228
702
4474
1607
606
2132
5273
6068
2184
6642
3883
2392
13
4163
2027
435
509
5430
5968
2551
6728
1595
5834
2878
3599
1025
4659
4211
6885
4499
2974
902
4047
6591
5825
1026
3062
664
5694
5932
59
2130
4212
3399
57
5549
1539
3158
6083
3916
2306
2606
1771
4163
3925
4513
928
2322
2180
6447
2943
6099
4309
4768
4837
6671
4833
5147
5691
5428
1588
117
787
787
5460
2557
5154
6678
4183
3707
5752
2748
698
5123
511
1874
4030
2980
6912
5390
6671
2454
870
232
6207
4113
1912
7
1309
1721
6078
1624
1299
1738
5986
1767
4645
3002
5139
3936
983
4144
2104
2361
3849
3465
518
6018
4868
6429
818
6134
3896
541
4347
2228
3922
364
3658
4640
564
6252
4019
5052
5101
4452
579
4434
6811
4509
6357
5543
660
788
4558
3397
1197
2216
1291
4424
5741
3555
3753
2906
4175
1476
797
2009
5354
6024
4289
1583
4457
349
3766
4152
2381
3754
6851
4181
6550
1542
546
1888
5814
5795
6128
4768
6735
2596
4831
6858
2652
5601
3889
4087
84
422
5622
1617
802
2373
93
5114
4108
369
2544
3962
2463
3397
2390
5850
1424
2023
716
2192
3686
101
4425
1119
474
2754
3589
6916
1716
6883
3523
6794
3991
1530
1145
5977
212
2770
6243
4248
898
545
6508
634
3783
1971
6913
3306
6839
1274
5563
4557
5925
5958
1367
6072
690
5059
5946
3310
5455
735
2258
1353
3520
822
2435
1603
5172
1119
4691
2502
6759
1563
3312
4972
1184
6612
4673
2392
6169
5548
1996
439
1818
686
1232
3511
3445
6279
1782
4639
3560
1095
4294
6887
1320
778
5483
5899
4435
4634
5512
1366
1881
1039
3539
2365
2441
5001
5813
216
2573
6549
4616
418
5063
4866
3367
1060
1060
2348
6433
1091
2835
4682
6663
723
5829
3041
4021
6380
1637
3311
6853
2834
4718
516
1511
1801
4445
658
6020
1094
5004
4386
4762
3955
6995
1439
2478
4317
5645
420
4681
2266
4258
4999
3993
4932
5507
1709
997
2685
3819
5223
4454
4633
2272
5467
475
1437
2728
5362
3338
608
2431
3094
5226
3862
2357
367
2343
905
4568
2051
6766
3827
2969
4385
2220
4843
3549
4047
1285
6573
2661
3749
5363
230
1043
4292
6186
4263
991
4724
4882
6315
5562
3931
4015
314
5536
1688
1806
4424
224
3486
6665
2086
1704
1964
2640
4765
6990
247
5260
6628
5016
817
515
121
4083
1082
3082
2146
1579
6903
1364
3033
3180
4787
3585
1129
4083
4458
6838
684
3032
4901
278
5472
4653
931
4142
2503
71
5431
1223
1610
4612
6904
1388
3247
1174
1334
3291
1314
5477
606
4329
6322
3567
5249
1609
4953
4906
2567
6714
2049
5958
5635
15
1770
5122
1268
688
5604
3351
3646
983
6874
822
3790
818
2052
4417
760
5210
3876
839
6615
1916
1711
2026
4356
212
1842
4605
5458
2304
4568
4941
6720
1444
2650
6825
4792
71
1112
880
3872
1742
3123
5952
574
2949
1242
1169
5711
6633
532
6937
5255
5337
3237
4124
23
6258
2920
2897
3116
6080
2552
1996
3879
2638
1371
2879
5337
683
6813
3790
2777
974
1950
418
895
2810
1263
3050
991
858
3630
2208
1635
2398
2194
2738
6150
5300
6245
5434
1363
6814
2581
4638
6003
1359
5843
6045
3052
2983
1224
2655
959
2838
1300
5285
5470
1975
2771
4230
1100
1875
110
3498
2705
3975
6329
719
3032
1342
412
6978
281
402
4441
402
143
6819
5562
6725
6921
2789
607
1127
2946
1947
2004
3309
31
6612
2449
1848
3175
2646
794
530
431
2304
3175
6994
661
5367
2959
5699
4024
3289
6185
1086
5574
208
2148
5726
6184
4993
5485
3881
664
6891
5245
3601
152
6486
1955
3887
1569
589
624
5198
5144
3455
3719
3222
3720
2572
3482
5701
6816
1799
6076
1038
3205
6933
4867
262
3681
5079
2590
89
4261
472
3327
4675
1952
433
3447
5060
3803
2334
4134
2270
4903
3804
969
4853
1766
3606
3991
4675
4432
566
3168
2629
1402
849
6812
2426
3510
2839
2685
5712
2047
185
2911
3979
3095
3648
2585
1106
325
4965
268
5689
1369
6848
2149
356
2865
2568
4323
1770
5666
4057
1200
6728
3223
28
1721
2242
132
2952
4979
2732
264
4736
2066
4313
2793
2869
4477
552
1749
777
3799
4508
2515
4156
1271
228
2195
536
200
3726
4912
2570
4701
1228
1364
3758
6931
2087
5501
2639
233
2157
4317
3574
1163
407
4333
1482
5784
1183
1906
3046
2146
5480
6094
1128
4033
4227
1388
3040
1989
4742
345
2765
4411
3336
1975
4011
5416
1032
3171
3718
134
2019
2829
6837
3748
1873
3309
4657
5615
4336
5267
3736
1556
6707
4406
3001
395
1655
1532
1586
1357
2128
1220
4134
3335
2991
1138
4503
3749
1266
6245
3366
920
3610
2062
1109
4195
5491
1337
5918
1342
319
1757
4024
1924
5225
5590
3367
4347
6084
5117
3607
147
1080
1804
5712
215
2922
3622
6401
6620
3618
3605
5304
1277
4771
733
3196
4522
4155
6635
5627
2315
4279
1467
5066
1262
5949
2804
125
1798
1574
6798
5039
557
1247
443
4421
5769
6881
1601
3559
602
5614
4447
4139
5156
1842
3725
6641
104
3692
5436
3976
2145
1572
6944
705
2705
3197
5044
2775
2977
6269
5447
1506
5140
5106
1791
6251
974
5641
703
6338
624
3130
1038
1019
5243
3950
3612
6912
676
3809
4287
5755
1655
4630
1132
5765
212
1696
1848
6645
1795
6280
1340
86
569
2592
2812
3026
6790
238
959
6021
5736
214
1195
1693
1728
2482
6133
1693
2613
616
2044
3822
2459
5618
3673
4517
4920
49
2781
2423
2192
5270
3443
3068
6637
2994
4255
2642
2668
2262
6616
3107
6102
1792
278
264
2012
1612
2481
408
122
632
1638
396
1617
253
5370
2214
27
267
3003
1343
1317
924
5889
3485
6254
5294
3940
3877
3568
3029
4562
2837
6246
4720
6960
6911
285
4303
6255
408
2057
4252
5018
2003
3694
6278
3483
6031
2145
3291
1460
5524
6350
5955
2264
1055
1451
6828
3472
2529
1419
6940
2137
612
4339
6734
1221
1111
4950
2486
2503
3782
3626
6041
4207
5764
4514
4927
3673
4648
237
3652
1169
2626
1441
1330
1556
2189
1616
3862
1530
6281
419
359
1377
6104
1141
4213
1828
0
6144
5934
916
546
5157
1442
6775
6396
115
1990
1820
2672
2101
4339
6409
3673
1482
4047
2974
4034
5017
5308
3102
1646
4973
1207
953
5140
4773
3942
1382
1488
1508
6389
6167
4221
5096
1068
3364
3213
3563
1752
4441
4685
4702
1931
4814
2990
3100
1885
4600
3719
5517
2189
2959
450
1514
426
5993
2295
2995
2110
5507
5845
949
6147
5563
4486
2248
2411
165
2074
2371
5050
5747
3485
600
5940
4046
4556
5949
2415
1732
4769
2385
3228
6947
2874
4689
6220
2315
1828
4929
2784
658
6176
5053
1522
4633
5293
5298
4130
2390
1957
5842
6742
6403
1086
3712
6043
4073
4602
369
2176
2839
1740
6724
4024
1457
1932
6406
2339
2904
979
3812
4204
5083
180
3728
6097
781
751
50
5765
5611
3914
2490
2422
1473
