6633
3157
6995
4530
7439
2827
1084
1044
56
4538
5283
3284
6251
1967
5605
423
5812
515
333
6380
3474
1558
7519
7106
4479
1415
2863
2092
6911
6222
5287
7411
1282
7547
4802
4498
4013
1898
6437
5327
560
3100
4399
5168
3933
5351
4439
5387
2619
1034
3066
2104
2133
4207
2349
425
3926
5162
6674
27
153
5493
5874
6461
7101
4933
5057
7097
121
1031
1491
5301
5295
4768
4740
7208
711
5113
366
7438
1138
5690
2923
4906
2899
6734
5242
2074
1606
1720
2869
2059
763
7099
7310
1158
7807
5114
2558
1068
7257
999
1653
2183
5088
662
3790
7616
5194
2679
717
5358
1027
6936
7500
3606
7867
755
5353
5537
4670
6775
2113
1153
332
3694
2474
465
4524
6435
2462
3128
5170
5974
1067
785
939
4741
7864
580
7192
223
3746
759
2585
1006
2754
4343
4916
4528
289
3712
6436
7793
7902
3009
5948
2388
3757
7407
6256
3785
2761
3495
5872
1819
38
3034
4017
5036
1638
3316
594
1029
2446
375
282
6212
5948
6940
481
4289
3346
7559
1629
6316
565
537
4011
7220
7998
1184
7412
6130
2280
7414
7163
4093
3142
7980
7077
7072
2625
2722
4318
1126
6266
1582
5994
4645
6231
718
7728
4914
7324
3449
2384
433
2030
2444
4421
2392
5251
4589
3042
2217
1438
5049
7865
517
5878
3023
7335
1500
5165
1487
3245
7182
339
5351
5946
470
5767
6034
2372
206
3946
6875
3179
779
3055
4642
3629
1800
1256
4005
7131
2868
7964
3122
7826
505
4957
6216
356
4466
2907
7041
3101
6792
4542
1770
6825
3932
4136
6446
7629
6428
2152
3390
2960
63
3232
7781
4818
267
4500
1991
776
7451
704
4328
7916
2400
6309
7202
1406
6952
622
5255
7581
2007
7203
2049
6433
2758
5932
6255
2024
3237
6389
3488
7019
2776
2987
1249
6485
5547
7915
3934
5719
3880
5819
7334
502
7943
1076
740
99
5249
4682
5799
6931
6281
5099
7280
3213
1048
2872
7262
2821
1515
1730
2964
6818
4247
3576
6230
5861
6318
4124
3574
5869
2144
3822
1074
6033
1333
4855
3479
4984
7433
3231
6311
421
285
4987
6144
5014
7446
4273
1532
5067
6781
2290
6549
2463
2824
7855
5584
2728
4953
5256
2066
1777
14
6535
3219
2920
5228
3215
4416
484
2889
4305
1933
3582
6566
6077
1210
5855
848
2752
341
5599
6242
5101
3511
3466
2167
4274
5206
6656
7227
6362
3389
3403
2101
4905
3413
4131
3388
6183
5672
4434
3077
6
7782
1731
7651
26
163
6868
522
527
5232
1512
1564
413
57
4742
4772
3828
6196
1181
1367
3707
2171
5346
7268
5183
5566
7657
4328
231
5721
3306
7239
38
4472
4446
5470
4474
6282
3356
4750
1413
4952
6165
5052
4454
5225
1086
7390
5396
685
6688
4533
3539
3868
2082
5980
7217
1559
3747
3960
5050
1687
1743
3162
4642
2121
6329
6883
5508
5489
27
1888
1290
3282
3464
4226
375
1165
3935
5611
7166
779
760
5282
5317
6109
7024
486
4451
6308
440
2359
3072
1519
3503
2239
2711
6823
4532
438
7196
4067
705
842
5640
7976
1577
6010
6835
682
4423
334
918
83
5064
157
7424
589
1461
4820
5636
4403
6033
6061
6889
3815
7278
1350
6446
6931
2178
3617
3764
5414
4910
7062
4772
285
1697
7020
1412
2639
7270
3479
2508
3413
760
3574
2985
885
87
1376
6646
4997
6613
2525
7834
3527
2872
4980
3351
2776
6469
6825
2474
1285
2510
70
6598
5442
5275
798
4432
6077
4130
1802
6911
7376
1270
4404
1579
2458
3006
6045
2661
2922
4524
7380
5691
727
7025
6157
818
190
99
4633
746
6084
1546
2413
2330
6936
314
1818
3903
4098
3300
2606
6879
3026
95
4446
6760
4360
1430
2313
7221
803
3136
1177
1462
607
4353
929
5547
1741
6793
5306
5980
5803
3466
4998
3072
998
6315
5480
5817
5984
6481
976
7821
4448
3177
3192
5770
5054
5509
692
1934
5242
7608
2929
6126
4713
4116
1712
1068
7501
4056
6801
1260
6792
2354
7461
939
3834
4564
4113
7850
7075
7252
7602
5683
5698
6063
3535
3067
4302
2033
1765
1245
2044
119
3046
5584
5239
976
7940
6037
6274
131
2473
5946
6810
943
2567
1464
5912
1372
4502
1654
1361
2128
4186
5246
5570
1505
6825
4325
2043
1672
3423
5191
1577
1584
5633
4479
5207
7772
6826
4886
6843
102
136
4786
5682
4131
1339
7957
1673
4076
7306
4102
3953
1971
985
6415
358
1574
2573
1192
2572
2791
7344
6645
652
5760
2956
7144
6286
4448
1188
1174
253
6259
4533
513
2643
7931
4107
1322
7828
5034
5164
513
1550
4581
6324
7636
7098
3362
1222
245
5771
579
5277
73
818
3607
2505
3124
6500
5125
5629
55
6289
204
7804
7364
1284
2526
2040
4065
5057
4864
2121
660
2736
1158
2604
2479
1086
3456
3671
2799
1410
3450
1517
3253
2652
5401
5639
710
227
561
56
5224
2235
4567
1310
4971
1551
3507
5326
284
2778
5974
676
1058
5216
5257
6482
586
65
233
4689
2623
1141
2168
5674
4317
1943
6445
5704
7877
4497
6161
7401
265
585
706
3817
7710
508
2339
6226
6150
675
3793
5963
6671
4574
2892
1450
2900
4811
1858
7795
2699
4206
5667
7899
995
742
1533
7446
287
7927
7494
2956
6541
5628
5301
7014
7169
341
7897
784
6663
1644
1249
6338
5388
6462
2429
315
7019
4832
7990
3144
5696
7732
6759
3656
6327
5077
4016
4536
5111
5018
6011
5038
1299
7332
3283
1047
3391
1119
7221
7122
4423
7606
5348
1557
3839
1468
5638
3663
1080
2375
4839
2583
1791
4436
425
955
2943
2473
2736
3579
441
1864
3803
5269
1096
3459
4616
3467
5632
7263
2469
665
2860
456
5064
5832
2636
5482
1223
1390
6058
3663
1351
6891
3320
3212
7054
5881
7839
1198
5091
1633
6349
3205
5133
7821
83
3745
4280
6275
361
2789
5968
1391
5477
6831
7924
5540
2075
1804
239
5470
4517
5946
2550
5004
1360
6253
5382
4300
4548
7017
2735
7156
4885
1374
7668
6937
2009
6665
5522
5642
6502
3124
7450
1822
2896
2099
5712
7987
2903
2853
675
6891
4625
2447
4190
1085
4969
6397
1844
4152
2967
5670
3586
2299
1022
4113
187
644
2691
7427
6135
1898
4189
3284
2996
7790
286
662
2
2167
7849
7877
396
4245
6615
6364
3051
1931
4598
2368
3519
398
7353
5925
2110
5379
1713
5229
4881
1045
6780
7508
3411
2599
7539
3407
1917
5672
5938
3365
1395
5246
4852
6769
7440
6381
4316
5160
6464
4032
3734
4482
1360
4365
4503
2997
272
1167
7125
4411
7632
788
5286
3593
5193
1933
5589
1513
3104
4687
3445
1319
3981
7312
5542
1778
4955
4218
394
7798
6020
2331
4788
4172
3730
5631
7575
7130
2588
2600
2638
7999
7148
5067
3762
7397
2055
546
6122
7215
7623
305
2767
6375
4408
4148
289
1804
3025
3516
6346
3215
806
3177
3382
7520
4394
7087
5796
7778
5068
3542
6087
1154
5833
1150
3650
2608
3891
3250
1367
4005
1178
3601
5929
3878
343
4464
2389
1805
4376
4290
2499
1087
1989
1080
3593
6669
6527
933
6756
1421
5511
2786
3754
6929
7499
4088
5694
887
4084
5310
9
3737
3646
4666
552
7920
4953
5902
4642
4918
2849
4626
2781
589
2703
6534
3476
1941
4412
1447
2109
3754
1978
4819
666
6251
6305
2243
4238
5690
6576
5394
5475
906
2780
7668
7094
4559
2718
3026
6773
341
3979
7926
5951
7165
6637
671
2298
4483
3272
3449
348
5497
3843
2289
773
6880
111
6052
1692
5388
5271
7860
4110
839
2976
5318
6077
2885
88
2571
2482
7923
4420
6131
2836
4698
2497
1550
7782
6562
969
4779
3558
7053
2448
1540
2767
7988
2652
6494
2067
5675
6920
5997
244
6745
3562
3641
4387
6435
7592
1724
2689
5390
2227
4499
2626
7343
3258
2451
4095
7091
3243
2880
7424
1380
7690
5077
5028
4334
5071
5572
3731
6689
1005
6022
6655
3713
2217
5206
1742
2536
3253
1838
1998
4539
5628
4831
7343
2752
7675
6528
626
7814
2768
6213
6169
650
5721
5864
675
3802
5624
5652
3593
5307
2034
3077
6864
5194
7557
2656
5931
5728
5357
1195
4994
1336
6728
7003
2313
81
7532
152
1503
1881
7333
6840
5906
6535
1249
7501
4993
3390
6264
2592
1690
4671
2299
5238
6551
4224
4832
418
3098
3284
3504
3768
2236
2579
5510
6674
751
2166
2105
6625
1012
512
2129
6315
4055
675
6478
4805
5530
5983
823
615
5362
5424
2355
2268
6903
1254
3943
230
1934
4748
1262
1694
6449
5711
6418
4812
6415
5930
1989
4648
4950
7096
5758
5795
7631
2982
2631
4763
4763
1290
7777
6964
7545
2654
3779
4099
1556
326
189
1138
7782
395
5517
805
2622
3001
2719
460
657
445
510
3379
2032
3089
6989
2981
480
6104
5489
3287
5617
2437
7002
2190
3536
7
2701
1587
7839
3365
4755
6736
7757
479
175
3095
6671
2134
141
3682
5664
6583
2310
1669
7720
1358
941
123
7286
7423
5560
1216
6523
2135
3784
3392
3175
2046
1983
47
5052
7122
7752
2691
7341
5517
7878
1014
3726
5618
2764
6612
6747
1946
2761
240
5923
2360
1668
4016
5560
1062
3907
5086
4838
6219
2524
1744
2661
5892
7802
194
5715
525
6408
1690
5609
3233
7343
5652
4896
7374
1598
7460
2992
117
553
563
4240
3674
7866
3528
7178
2644
1852
1592
7896
2404
3319
966
7791
3874
301
7673
6798
6566
122
21
941
5150
7261
3313
5740
4150
4299
6692
4615
4939
343
7510
5776
7995
2869
75
6556
528
3267
6363
7481
6764
5379
1323
428
1060
2945
2580
6483
7646
4936
4229
2082
1994
4396
1237
1504
6578
2398
5138
5896
230
2105
5352
4559
7902
3423
7622
1996
4579
1996
1478
3829
6961
2085
391
4038
1546
981
1182
4934
4995
5529
4456
2605
4470
1487
1294
7707
6410
5597
5884
2713
7310
7600
1581
3830
7569
2912
6202
6346
4629
4723
3658
7920
6833
2697
1057
1384
3876
1626
669
1237
7254
4754
1105
4918
7073
3820
5343
4495
7751
238
2854
7779
4233
554
7855
1575
1049
4126
3635
2811
4017
7338
4841
6418
4283
1877
3519
3125
4855
7414
2400
5223
1892
4576
2940
3497
5979
2469
2639
1052
4591
4547
989
2636
5797
15
1521
2704
2753
2497
5052
7430
4343
1808
367
2440
4625
3699
2991
2455
6793
5899
6952
2404
6261
1895
4219
3944
5925
4771
2605
5485
3276
438
4837
899
1058
2050
3330
5338
974
2102
6419
4311
1655
2837
7269
2610
7236
4873
2291
2934
7208
135
1535
5042
2831
725
6036
3165
6089
1556
6648
2349
34
185
5957
4070
7053
1459
1251
2344
5126
418
5194
4686
7030
3676
269
3711
3667
2754
20
186
3411
2964
3823
1079
3194
776
6797
6900
3153
2207
1280
3710
2685
2989
460
3427
4784
5889
1889
2274
3448
5099
6439
2330
4282
5839
6257
5266
3534
4866
7325
7438
3159
5012
4413
2915
7295
109
1451
7248
7301
1894
5767
3788
933
7167
58
610
7053
3421
2308
6898
355
6905
4523
613
5198
3862
285
7252
628
3375
660
7507
3711
5168
6066
1686
4200
6193
5500
3614
1451
3286
1240
7551
5600
5206
2717
6093
5867
2984
5262
1668
2329
6009
4072
6031
3831
1305
4629
2096
6805
5561
1795
6518
591
2579
1238
4985
4857
4663
514
6530
6027
2835
58
3648
7864
6236
6006
708
5211
5003
142
310
7258
4749
2078
7618
6208
3517
4195
203
564
6402
6572
4959
1294
6182
2549
3323
570
5798
3085
1827
5421
5256
2741
241
4786
5554
982
3830
94
1396
7561
5947
623
4579
5786
3245
7856
7344
7116
4432
4765
752
4322
3384
2821
2701
5839
7485
3000
4519
5405
939
5531
287
6735
3647
5019
5574
3837
5195
5504
4930
3528
439
5028
2651
5282
1906
1039
4178
157
2852
145
7348
1506
5473
6143
3119
818
3176
5689
4388
2685
131
990
4219
5654
6164
628
2113
247
3369
1925
804
2514
7631
190
2467
2430
4664
7525
915
541
749
2276
7855
7608
4682
1731
2679
420
1319
7298
3138
3449
4499
698
74
7567
2066
1740
1925
6734
7284
6583
2305
7150
2285
2953
933
4410
4650
5816
6997
7949
3099
2898
7818
4652
6357
2326
6414
5743
6815
3609
6380
6291
4738
1527
6189
1471
1317
1894
2111
5123
7643
1437
7740
998
1911
4037
6656
471
5358
3154
7365
7166
2380
3819
6189
3977
6384
639
3614
7573
249
1233
5128
6356
7611
4322
7634
4529
7858
6985
1944
4263
7043
5951
6147
4547
6940
4994
1061
412
1583
3518
4745
6966
5232
6256
1796
7760
3775
592
2886
101
4190
7717
7806
2566
7005
958
30
7594
1317
1732
2866
4602
146
3560
5116
4743
5309
6786
1273
286
7250
1151
2889
5048
5036
6256
5168
3665
4845
7428
2806
7976
2417
7907
6712
687
2584
3285
4025
4921
4067
3800
4668
1607
5687
730
6029
6404
641
5201
1825
6039
3584
2270
7339
2513
3625
6510
1179
3727
2271
2540
4500
5532
1636
536
4317
1500
5141
3888
7757
6748
5402
146
2839
4058
5520
6373
1758
7096
5014
1914
3596
343
5412
2595
7126
7683
4047
6068
114
6995
5565
648
2119
981
4820
7747
3732
4626
2296
1618
1921
1187
6121
1144
7986
2805
4046
3663
2204
7023
481
5244
3929
6238
5152
1816
311
6751
3328
331
6425
1831
302
1387
6838
4047
4339
5745
1475
6230
7270
5772
2234
7572
6713
5521
877
483
787
6042
3052
3315
2311
1574
5752
253
3296
5892
2743
1894
4654
7352
441
6673
4898
5713
6091
797
5599
1382
1941
7025
7822
2204
672
631
7353
358
2169
5802
3337
6161
1776
6797
697
700
7691
6523
1929
751
55
6693
7482
772
4665
3735
885
7499
4336
1283
2634
5104
2932
4270
2837
2449
5475
1555
2958
2622
2680
16
4118
2172
1821
1984
6101
8
251
5722
3973
2593
1378
414
1424
7354
1472
4549
344
7647
585
4485
2514
2003
3655
2064
35
308
3427
3696
6427
1635
1109
164
3625
4966
3471
1557
3909
2003
5815
7078
4415
7585
866
6497
4370
3742
6649
1188
1712
4563
1342
4784
1706
5526
4722
6759
7202
4611
5581
6100
4048
600
7091
5358
6241
6933
4980
7125
3957
7076
2460
1124
604
633
3227
6831
7598
2172
4619
567
4260
623
6139
3015
945
1476
7389
308
1720
1106
5
3211
3150
5551
4607
5548
6889
5201
7919
460
2062
3968
6619
6945
6723
5676
3899
3470
5133
5529
5980
5381
7328
3708
292
3419
653
5539
4023
448
3336
97
564
3932
452
6694
3810
174
1326
1635
3825
3321
4018
1781
5654
165
5787
329
871
1873
976
4286
5205
5343
4615
2432
1380
1450
178
4992
7457
5464
5572
7101
4612
6094
5713
4299
1023
3518
4433
4368
5080
6573
6542
262
2042
4017
4880
2005
1923
243
6820
2804
5409
7299
6658
6152
4769
3969
3136
2523
4869
3712
5836
365
4056
3690
1317
6051
7683
3166
5633
739
5269
301
1093
2749
1195
3984
5447
86
5564
5895
2802
2559
3877
3581
57
5720
6084
6761
4830
4415
847
4859
845
5173
6302
5172
5159
7221
6159
7257
5471
1119
2823
4287
2820
1701
404
6863
237
4696
4856
1359
3806
1385
6538
602
4251
5494
1973
3305
1014
5301
2912
4829
4912
2015
4541
5627
5112
202
1171
5236
4565
2322
1373
1707
4084
4222
6362
1521
1891
7457
1120
6099
403
1471
4724
2843
1796
5040
6875
8
4659
4937
168
674
2707
118
988
127
2443
6509
1139
6331
3599
194
635
5435
7990
3481
2407
5377
5586
4729
5468
2976
378
4417
4882
3335
5796
2953
3486
970
6713
2489
2948
6937
683
6978
7649
1617
3455
4006
6359
2610
5619
2552
7053
503
564
822
4518
1154
7335
6375
5268
6073
5495
5886
393
6126
7712
1038
292
4927
5809
6424
2407
4235
1942
2821
4020
7026
5373
1975
1002
5159
7266
6716
4858
2407
288
7654
7607
7363
5511
2228
4913
1635
1203
187
1280
6866
7076
128
5274
1835
2562
1381
630
3260
7364
4618
3391
7917
5873
3757
4942
7902
2961
7506
4837
7567
5909
2792
4937
1348
7322
4392
2585
3311
6934
3517
2972
5753
5778
4268
4200
1815
6802
6830
1878
3251
4952
1308
3309
1547
4610
3342
4401
1307
540
2951
506
7038
6335
1413
705
3478
4040
4938
5489
732
1038
2896
11
6002
5017
7002
627
4680
3280
121
1520
7228
7545
4865
3872
7632
2455
7076
3768
3629
5617
6878
3170
7862
454
6284
7750
954
5304
1442
4326
1402
6906
7994
5110
1666
1112
7376
7136
5644
3490
4492
5098
284
4048
6466
5439
1284
727
2422
843
7194
1400
2788
1921
3716
2840
2049
6787
763
4052
4217
7585
4045
4552
69
1150
111
4929
1173
3037
7140
4907
6004
1267
4063
201
4321
7866
1783
1963
5965
1300
875
4698
5982
1347
3500
7575
4009
4702
7967
4352
5078
1542
3550
2267
7031
2128
5247
6452
4915
3725
7002
3926
6131
7146
6280
4105
7086
6323
4392
1913
172
4984
4385
1914
2966
7826
3511
424
5522
1024
7405
45
7811
4735
497
7265
4377
210
1
3739
7861
6560
7994
6922
1173
4671
5668
7928
5680
3476
7008
4016
2338
3618
6926
2756
2514
5519
5740
6844
7358
4687
4470
6392
5705
5488
6870
3969
5491
4204
7672
2915
4768
4980
2569
4722
2845
4244
563
5436
5288
3781
4460
7214
4405
7096
5300
2530
2135
2852
341
7796
5116
502
4151
3662
6315
6858
1102
4316
4110
7560
5806
5230
4663
7159
4112
5367
923
7382
7559
6463
5543
3952
5269
611
3434
1186
860
7668
2550
509
7929
7928
2570
7453
6460
6492
4404
7980
7328
868
7856
5896
2028
3238
2251
7055
6934
3640
592
1002
2081
5677
5103
3254
408
54
841
5832
268
5610
4273
961
3748
4339
4794
5160
715
7874
237
6723
3547
7992
4703
1183
2037
7092
798
7653
2275
7721
2634
5433
3344
871
6603
7686
6730
6603
3165
849
5202
3691
3024
467
3797
3344
271
5891
4022
106
7581
2742
7749
4679
2986
617
6551
4539
6012
4959
2304
6822
5710
1642
5395
5143
2177
1797
300
5770
5295
7465
944
2074
27
2785
415
6000
5842
7316
1847
1086
4938
5483
2082
6196
1682
214
6359
6634
6631
3242
882
3552
4836
4004
6068
7657
4698
3163
2119
7518
770
7543
7797
995
2010
5455
3456
4286
3465
7749
5151
5543
7551
7885
5628
2729
3363
6927
5564
2790
1839
1321
3270
3263
914
2771
6977
705
540
4852
5347
7024
2722
1120
4895
2284
2905
7047
644
161
3456
6908
7731
1799
3397
4674
2394
2448
7718
5874
4048
7256
7379
6275
5185
5285
7202
6366
575
648
4050
3250
837
1444
5399
4876
7163
603
4441
6386
1399
4036
6013
5919
695
2251
2721
7603
4553
6734
5085
3764
535
3111
7908
678
7273
634
2073
614
626
677
3076
2238
6846
3623
935
2600
1302
6688
2027
4851
5594
4299
452
5020
1407
4126
4503
5447
7497
1418
4628
4529
4003
6268
3877
2422
6345
4781
259
2460
7912
3584
6969
6723
1611
5146
1818
5783
6385
1629
7631
2554
503
5024
3683
148
4359
7777
2170
4006
490
4786
5397
1688
7792
2236
477
5658
4139
3169
5613
7014
5288
3462
5815
6633
5245
3758
1656
1793
3733
7355
3663
2922
1565
3502
6499
1591
6299
4094
6472
1338
5549
5864
3557
6930
7501
1360
6873
4795
850
5698
5393
2793
5684
6295
2438
1684
5079
1475
7177
1874
4746
5859
2037
1640
968
7768
5573
7332
1283
1570
5070
6056
5793
599
395
1348
4802
6050
5724
3269
839
1008
4162
2958
1051
7843
4402
7855
7845
0
4698
4972
604
5498
4934
1892
7245
10
1173
5705
4681
3054
1426
1500
328
3686
1556
7445
7440
4315
1199
7067
4629
7899
5893
5309
6175
7755
770
2145
2730
7961
3949
7614
5329
5933
975
2175
5672
6696
6686
3214
5171
3467
2208
7096
427
6267
2563
6832
1416
1760
1437
5669
2435
7913
2149
288
6862
4222
1341
2581
7089
6250
3017
2026
4720
1949
3344
484
168
4444
2145
7771
3977
5033
5112
232
5524
7937
3299
58
4335
4823
4841
5582
6168
7807
7906
4511
2991
7322
6184
4974
3966
7454
2813
4316
6655
2875
2138
4601
1106
3855
2411
4689
7635
6629
2281
88
3981
1502
762
3550
5579
3248
5789
7866
7899
6024
201
3231
517
146
1808
4633
3807
7841
4426
7230
6026
5160
4016
6568
7024
1510
4230
1636
3226
4908
888
5158
7384
4990
5074
3903
7846
6667
3396
3543
4629
3753
2723
6345
414
3206
5755
7419
7514
7190
3771
6447
4568
5325
2841
7451
4621
911
2227
3504
7906
6888
4079
3141
5187
5636
7472
2063
2376
7252
2279
4487
6290
1103
3512
1155
2492
2020
302
3449
4917
4199
1882
3999
560
724
5218
2102
4584
1067
2622
4005
1850
4415
3735
1813
2067
7132
3552
4201
2488
7537
5319
3768
5265
927
4493
6844
1580
2000
3703
7108
6011
7550
6444
4850
5591
6307
14
2401
3472
7911
1519
7788
4070
6171
6771
1215
7631
7145
2791
5310
1279
2124
2607
7307
4580
6529
3181
4759
6584
626
473
3324
2482
3134
4727
5843
2269
5857
4837
3720
3534
5352
7375
5668
6126
6433
6542
878
2881
2266
3787
3318
5923
3214
5738
2222
6475
6426
3742
1657
479
4210
3104
1291
7711
533
4362
5225
5570
6462
499
3985
6244
2517
2531
2814
4122
312
2672
3655
7281
594
728
6323
3374
602
7803
3717
594
4824
5929
3410
1264
3131
5586
2460
5713
4070
4389
2651
7956
3861
7613
2144
6942
219
4920
90
7475
6988
286
3125
5220
2677
1687
4770
3428
155
5105
1723
6274
671
7381
2821
1010
6898
7413
2835
3724
1756
5911
6418
1495
6811
1228
4644
7430
2014
7121
4713
6911
8000
7719
3422
487
7989
3855
41
2132
7806
2507
4726
7777
1368
1327
1335
4334
7556
4051
6679
5910
7581
1444
1461
6802
3952
3431
4480
7199
3145
6071
2830
4938
194
7567
941
4861
2742
2305
1395
3137
1376
5786
6236
2296
6763
5173
277
5927
1040
4469
1751
3070
3220
3858
6126
7508
7997
7514
2910
1905
831
3060
4468
2904
6777
3932
1861
7985
7133
2177
4261
5877
5233
4514
6491
716
1920
5624
2376
4263
5829
7136
3891
2754
4328
5615
162
2846
7725
5798
2215
135
746
5262
6587
5937
4550
4889
4625
5964
274
1548
4709
7094
4570
998
1814
1323
5122
4030
4532
2364
1994
6493
3670
6384
3775
5824
3960
3834
2277
1050
6463
6638
250
206
4498
477
859
12
697
593
2500
559
6687
77
4475
758
3257
1620
4624
7628
3521
2088
3971
2486
683
5074
3646
713
5791
2798
7629
3833
3218
2145
971
5307
3682
1512
6937
379
7332
5070
5648
4471
313
7430
7045
7577
423
1751
2846
3243
4764
1841
734
7796
4313
3630
4949
5339
4856
3849
7822
3916
6597
501
3464
1567
3024
5336
1318
4276
1275
6283
6952
1953
348
1059
2268
7504
7179
314
6475
7586
613
3046
384
604
966
4551
4199
2933
7473
2697
3732
3807
6212
295
7967
638
2053
6321
2613
252
1829
5576
6386
7743
6194
5424
4965
4268
6411
834
5123
958
5772
6729
3854
4597
2073
4973
4832
2789
7657
4546
125
5043
2226
1226
2227
1001
1703
1855
1315
6363
4555
6931
6671
3985
3423
3055
5260
2158
5267
3004
6380
2308
5877
933
3382
6666
4089
1250
5794
4850
5009
7726
6014
3605
2301
3742
6443
1308
2785
3404
2461
4633
6037
4022
7919
7655
1484
2738
2874
7908
5448
4206
1522
2940
2442
3780
1565
735
2963
1139
4950
6177
2063
3297
3828
1743
648
2925
7734
1514
280
3740
5447
7355
3882
4215
5752
2372
3233
6389
7893
3278
912
7517
1334
7278
7918
6697
1837
7937
5199
3617
620
185
2761
6686
7305
7969
7739
7552
5491
2512
5814
183
976
6028
4724
4568
4240
877
4168
649
6466
4477
1881
3411
6758
863
336
4895
1224
6904
2322
1531
3393
650
3684
4333
5482
476
2304
89
6029
6494
7651
2601
6876
5657
217
4013
671
3504
1956
3766
814
3507
5126
4058
5480
5595
2960
425
4826
6535
2882
2951
5251
4753
1293
4759
7291
6783
4864
5645
112
6301
3461
2935
1041
2271
7808
2228
782
7702
614
7293
3520
3577
6913
3318
1636
491
3871
5592
1806
3704
7690
4875
922
2977
1454
5792
4199
6556
4962
1305
5250
654
7560
5672
1436
2349
3669
2293
3525
1569
621
5040
3998
4636
5297
7218
579
2452
2848
7537
1222
7257
2577
7700
2348
2745
4968
276
6804
4788
1164
7562
7400
7871
3664
3846
5151
1869
58
2689
302
1561
1572
7946
7730
5661
7359
1945
873
734
314
7478
1905
1830
6404
3043
5157
5542
2984
3136
1767
1677
1063
2594
971
4147
900
4565
7816
3074
7964
1878
496
2958
3700
3679
6560
837
4437
5676
772
5713
4569
885
6575
5747
577
2688
7720
2738
5586
4129
7823
1398
4509
7986
5590
1272
7508
1955
186
4947
7395
964
6704
1981
645
3506
7639
5856
6422
6454
1272
884
2846
6070
494
5120
5241
5819
94
348
5971
3270
6827
6390
5141
4538
2095
2449
2657
4982
5086
912
4916
7502
5208
4152
3456
7244
4474
1139
6701
6784
3057
5334
4729
6651
3286
5272
3086
2837
5555
6454
272
7411
2414
590
5622
455
4540
5704
6928
3157
5408
1719
6586
1213
271
5636
7820
3252
7410
4616
447
6097
1550
6325
6736
5268
4169
1029
1067
3548
1353
3781
497
2421
3636
3152
1637
1632
3431
6949
7250
6538
3171
3033
4252
7513
4608
483
2831
1967
3622
7714
7098
7987
6339
416
6789
3397
7668
716
7162
209
4427
4941
4064
5775
7793
251
4371
2892
5723
7215
1482
7256
7698
312
6785
7978
909
1575
2227
844
5119
4305
7874
6507
6512
7582
1926
7827
3904
1397
6369
5248
930
1370
1027
5200
836
5278
4320
4752
5116
3888
4897
1226
5906
988
79
5880
2792
5200
5149
4175
740
4823
256
7874
7614
4150
7356
3596
594
4873
1478
4016
2232
7921
6851
4789
789
6649
7480
2363
2994
238
637
5673
1550
1232
2290
653
3376
2473
2617
4798
4163
6142
281
7230
7637
4331
6925
116
6291
2445
3538
2794
6445
1502
5640
1363
978
2463
5631
6863
1960
3126
5256
2369
7216
1949
1360
6190
3472
7161
3057
98
184
2640
6714
3886
5024
401
2653
1047
5613
4626
621
5556
1072
7205
6906
871
5092
140
6817
23
6593
2824
3947
4686
5084
3076
1492
545
4338
4618
1829
9
2617
2961
4871
4371
964
1573
3673
891
1542
6483
5824
3675
1130
4179
5564
4285
3176
783
4867
2076
4394
432
73
2725
2169
6231
675
5176
1978
2083
643
5300
6690
3721
4333
2615
4331
3889
5288
7459
5891
4003
1266
4510
6846
2987
3646
352
7058
2995
1106
6179
1609
2934
4115
3716
6322
4823
5925
1521
80
3917
3378
3759
4644
5509
1227
5476
1212
7745
3441
6815
6543
966
2093
1292
2132
2549
6116
2193
451
4408
177
887
4935
6431
5480
380
2221
5003
513
6424
2787
3595
6555
6013
610
709
5652
1503
2912
4186
3484
1392
211
5890
471
1709
4122
5373
1816
414
6376
5100
6217
6747
6282
2618
1459
1804
146
7363
740
1651
980
6188
865
1706
7553
7386
548
177
5949
3847
2645
3877
1975
6499
5593
2374
686
4616
5759
462
2209
4178
386
5407
6012
6600
5985
2565
1678
5054
1455
5902
1230
7412
115
2559
4211
2632
6063
7140
7292
11
1085
2557
2977
6315
3675
4833
1093
5791
834
4330
4639
3958
4871
3267
6466
4309
3921
5607
3525
1673
4239
4330
4086
7339
5043
1602
6743
280
5655
2491
5125
5554
6081
3976
3197
2537
5955
7557
3645
3528
3339
3321
709
5023
3644
2128
1671
3562
2482
892
3227
7082
5225
724
1783
2396
7502
4411
5846
3662
7811
1732
6848
6468
3078
5516
4973
161
698
5947
5567
4817
6210
2049
2299
4692
4938
7190
3635
2058
3817
7694
5631
3116
43
5335
4537
3658
1513
5109
1052
4085
4510
2054
4311
2630
1401
340
1948
155
427
331
4535
7290
4554
1672
5355
4258
2011
7637
1579
1087
2717
1829
1940
1875
4404
1333
7777
1027
6508
4655
1488
6355
6287
7106
7342
6273
5308
5214
5364
224
4217
4732
204
3409
594
7899
186
4807
5906
4052
410
7061
2615
5194
7432
4198
7219
825
6619
7818
1791
6267
1880
3253
7933
6408
1457
1984
2167
6395
4057
2810
1875
5334
1445
1048
250
6980
406
341
3164
1187
7018
272
7585
4226
505
6132
717
4842
6923
169
75
3998
4256
2590
6029
4703
6915
5000
4760
4977
2934
622
3289
2016
1578
2144
7028
771
6753
1424
6115
3012
5501
6133
7107
5912
5338
2753
2152
2579
6236
871
7479
4447
6536
7385
3887
3660
2897
2146
3267
7366
498
6341
312
6821
3904
807
4128
1381
3269
6588
4873
894
4415
4885
66
7313
1229
1875
4273
6455
3317
4302
5999
3526
3650
2159
901
1113
3327
2133
4515
513
4086
6149
4117
5482
1879
1215
6633
2995
7594
1575
5816
7899
5526
943
1993
1270
316
51
1616
284
6144
2725
4563
1691
3182
1698
3193
590
5818
2025
1497
7154
5866
6202
1368
4664
1999
6953
7030
5107
6200
3926
7580
487
3818
786
5820
2702
7566
5805
7270
3286
671
1523
3218
4711
4023
7999
3440
2544
1958
4008
2323
1623
368
3687
3758
7958
914
1198
6448
3756
2393
1621
3351
2342
1960
2305
4359
6309
4777
2690
289
3426
3776
3198
4176
6898
5894
4557
1050
4361
552
7387
1273
511
3899
6234
763
7119
5258
5014
7421
7530
1841
6436
2578
2076
6129
6982
592
4862
6584
707
3050
7306
2316
5079
1528
639
2113
4372
274
7586
1330
581
1265
4013
5419
5267
6888
7597
6110
3051
5125
7853
1513
7828
7734
6937
5423
5417
5379
3685
5215
2412
6181
2455
1126
5433
301
5343
2069
1178
1805
3460
7526
1138
6629
7340
426
1892
5657
5295
3769
2612
3381
6406
7980
3047
4785
7393
6157
2095
511
5406
208
3280
1340
6099
4728
3066
3871
7254
2274
1451
2414
4916
6824
6955
6330
3011
3549
5773
4092
6755
510
7351
7412
3706
4639
1318
542
6076
7860
4328
6900
1203
3749
6580
5207
386
3624
6484
2545
5926
5782
1163
7132
5051
2597
5811
6743
4862
3187
5017
3767
210
7061
1278
610
5582
491
601
6259
2547
4803
3603
6091
2800
274
3550
3484
3634
4002
729
3275
3170
2006
263
6013
1888
197
5845
6121
798
397
1233
7282
3587
1068
6290
5487
4880
4603
3597
5264
2060
4654
2235
7332
4758
3638
7699
6901
613
6029
2257
6420
1161
5195
5729
5374
6385
6192
4313
4886
6508
2011
2299
1490
7739
5220
633
5955
2050
4400
3267
5150
6034
4114
7659
2220
4658
706
2212
3208
4262
3086
1403
3447
5094
6429
2981
6082
3183
2831
3591
4101
1463
2749
3297
6278
6920
7594
444
4097
1324
2617
4550
6532
5577
5280
426
522
6154
7764
3602
4417
443
5007
7334
4765
708
5619
474
7735
5860
7877
3173
5473
5502
4636
5577
3311
3370
7777
1445
1875
2714
4347
1884
1519
3964
6520
6975
4648
1447
5340
6821
1090
3952
6075
2333
6182
5349
3513
2632
5248
152
6012
6912
4876
7953
2532
7228
6520
1200
3512
6009
2658
4310
7516
1681
2303
2163
3594
2097
1647
4048
2622
3561
7290
3272
3316
95
1858
5848
3216
3382
1032
2256
7133
538
5301
4981
892
3073
7622
3743
4817
4862
3219
2273
2118
620
3043
6069
4537
5704
5504
779
98
544
6095
7054
680
379
4890
5405
6378
1388
49
7004
6353
6144
4671
6828
5769
674
5830
2492
4630
323
7446
4550
3747
114
449
2504
1069
2826
3789
6246
7094
6938
7908
4875
5625
1593
6541
1475
2532
52
5994
445
0
3700
786
1224
6520
5860
2908
1110
5869
2886
6921
7630
5591
6317
255
6459
1361
6086
5298
1123
3289
6936
5093
771
7763
25
3660
6351
4523
276
348
4798
1617
7
854
1033
3625
3666
117
1714
3139
345
346
6081
144
6117
456
7376
325
3518
7650
2639
439
3946
569
2177
7454
1264
4797
4106
1259
7702
7912
7207
1195
2040
3961
4606
4109
1395
2036
3347
1022
3904
3826
7013
7789
7906
70
7628
7037
1982
4159
2091
3129
1165
5517
6220
5505
4603
3140
890
1539
1469
3448
7744
5945
2838
4125
1897
2119
3086
4735
456
6083
5123
3635
6850
6684
810
666
4225
1309
7753
4021
1798
776
3475
1665
6956
4706
3397
522
7401
3941
3931
3513
4174
287
2851
3242
1878
7874
1517
3782
1944
7804
681
397
5796
1351
3463
3310
2160
5702
5163
2599
2151
1160
7548
2240
2604
6766
4885
7418
6879
2928
5231
2447
6428
1097
6121
3852
4362
419
2965
6827
5639
5651
377
7200
2894
5907
5701
2092
2591
166
1196
3134
1616
4129
5268
5493
6606
903
3899
2940
3875
7507
6723
3617
5364
3227
5044
2663
4942
1169
1682
4248
5537
302
2367
3480
971
3302
5157
126
2076
165
721
1510
1678
1599
1254
3460
3038
7259
3443
375
254
5043
6497
1883
6296
1216
6664
4261
4520
6073
6186
4980
1325
1651
1922
2843
162
554
2672
2313
4395
5609
4194
3780
1133
3849
7159
4441
5670
7950
587
6416
3189
500
910
3424
1175
7584
6382
6638
548
6972
5729
1447
6382
4044
964
2773
5150
7046
4592
6579
725
95
429
7876
6378
5989
6602
3284
1962
2312
5521
2866
7635
5385
6294
5149
5937
3298
4715
1192
3787
1482
777
4632
4724
2275
3478
2925
2691
6696
5231
1579
3940
2728
886
6661
536
3962
2416
808
305
6131
3843
5701
6622
3087
4478
6518
6388
3308
5775
3965
7072
7110
350
245
3587
1883
4858
4358
87
4077
5173
4817
7838
7536
6146
7352
7098
1781
5994
1911
5255
4405
745
7538
4962
306
6796
7253
2792
6249
5847
7637
6255
666
7152
2078
7137
7330
4093
11
427
1542
2499
7761
2382
2524
4378
4096
6101
5821
6405
3749
3056
6586
4246
2398
6307
5338
3024
97
1871
3971
2515
6296
4028
1323
6149
6655
6936
1818
6816
7463
5632
3802
6503
3666
758
152
4876
7687
4598
7285
6985
2212
121
102
67
948
1323
3310
263
3586
4217
7066
778
2671
6867
3557
3047
3522
244
240
5489
6463
6173
1164
743
2814
3552
6855
6812
4789
484
6214
1336
5269
553
5600
5704
22
3521
3418
6531
3746
1642
285
1986
1663
2554
4205
1816
778
6774
3467
7986
639
4302
6
4752
1274
7512
3991
6480
1007
4199
1950
2271
4385
6148
3410
351
2040
6190
1985
4872
5159
6890
3890
3847
48
185
937
1637
6019
875
4817
242
5318
1111
7539
4324
2611
7843
428
4529
1058
7492
5729
4102
48
6101
7078
5271
7412
7928
2636
7835
4665
4864
5059
2715
3247
5402
6730
7956
4628
3355
6827
7607
643
708
7804
5995
4940
4680
3954
6728
3827
5895
4085
6642
2537
4066
128
6841
5371
3883
1832
6411
127
1399
1718
6536
3612
5920
6446
6190
7010
711
4483
3783
2464
6044
3969
4272
6638
2321
1865
7199
78
1016
1155
6443
5623
7860
6540
6089
3317
4040
7157
151
5671
787
242
4376
7846
472
7492
3260
7834
6081
3516
7593
4029
7845
5745
7928
7105
2757
2852
6715
274
537
1142
4031
4868
6227
2736
7634
3589
4639
7971
7054
6737
1954
220
7183
821
2632
3631
2824
2787
7054
7813
1450
4940
2153
434
4946
6764
4908
4640
1636
3698
6392
1846
6958
6382
842
7126
5977
6871
756
5524
1847
2730
3047
167
5497
1581
5755
5464
7568
6880
5678
1533
7946
1258
6320
941
7101
6299
3855
2348
2210
6859
2591
3428
1989
6247
7836
7327
7976
781
780
370
7062
4378
6379
3630
3742
5047
1268
7659
5096
319
5875
6996
2202
3397
3005
5002
5378
946
1141
2606
7038
3853
3983
3826
5390
3095
5973
5885
841
4056
118
3428
6904
6662
3187
2787
3461
7544
1148
7242
334
7397
2020
495
286
7177
1890
3182
2736
1438
1704
3727
3074
7711
4435
5631
7689
6110
5242
849
3200
6362
1013
917
609
5589
4880
2088
2551
4513
5918
1312
7891
3898
2947
310
5852
2583
4256
2885
1163
5057
1706
6004
689
101
3123
1210
1862
7208
3029
6722
4501
4479
2259
5418
7391
5428
6079
4906
5560
3857
5408
3799
636
7398
4890
402
2910
4247
7167
5108
7385
582
7180
1416
4313
3340
4535
2057
4680
7329
2414
4925
7316
6123
7955
5581
4723
4234
4047
1355
3094
3063
2761
6231
5709
3728
244
4713
5356
1913
4998
3680
7334
2581
142
688
1788
1144
1704
4497
3356
1963
3405
3628
3334
2888
1221
417
6056
1085
1737
5239
1939
3317
5668
1730
5456
3748
4632
1634
201
5787
3906
7740
2739
2645
5247
4700
549
1876
976
4924
134
2099
3703
4976
7657
3771
4781
3480
6340
4849
559
7575
3706
5685
2362
6727
3726
3338
5068
4010
1290
425
122
6310
5011
1389
6369
3368
5149
66
6769
1330
1995
5277
4408
2801
3921
2415
4374
210
4498
6362
5325
592
7892
3105
4682
9
1105
932
2265
2662
7401
3024
3953
3720
2115
7688
6783
4
2025
4595
2518
538
3131
531
5078
6624
704
1101
1344
116
5721
1299
1771
2504
2344
7457
1192
436
4445
1696
1098
5628
1849
2480
4723
5133
464
202
7454
664
5205
3276
1737
2207
4760
2685
1433
6235
2172
3518
6525
3251
3171
75
5331
6445
5564
6491
5586
5229
7805
5346
5663
4631
1655
2039
5066
2071
3207
5859
5515
4615
2600
2096
6483
7589
4076
3586
2888
5582
83
7525
6351
6316
4277
6123
5125
7525
6110
6131
1813
3675
3512
3858
5164
1374
373
7881
6456
599
5287
5364
4554
2814
4006
5387
886
1243
3773
4104
7021
2594
1610
2093
7806
5321
5204
1427
915
2837
718
2651
3898
1130
4629
6235
6317
6777
7733
1295
4619
2670
4092
5219
3557
4195
6809
3655
5628
4381
2521
5371
1102
4415
2277
2365
5653
5106
5326
6709
445
5159
5720
4787
6409
5314
4957
6501
947
7441
4292
6514
2121
1541
3276
1887
7971
2909
4750
4808
5167
2464
6016
1541
567
3403
436
125
1495
3347
2285
5237
6097
4485
1796
3622
1989
776
3033
467
4863
715
2018
6875
6839
7304
2466
4682
3403
792
6982
1400
6039
1605
7165
5321
3307
7602
2617
3799
7956
78
749
5305
2705
786
7514
412
3066
5666
3663
7445
4511
6870
7709
3890
6431
409
6791
4115
4390
3188
1485
3388
3326
7987
3612
5677
2614
4564
2175
7983
4492
2640
6307
7468
2508
1722
5795
5054
3377
4672
7622
1292
793
1682
1278
475
1865
613
2878
3544
6399
4834
6889
4607
6183
3859
31
7071
5472
3235
7113
6385
6347
3969
336
6066
964
166
1445
5614
1968
2370
4425
4130
302
615
1289
189
7422
6035
5333
4296
2586
4741
5411
299
4314
4307
3542
516
556
1598
4262
2886
2072
7363
194
3702
4931
6972
3625
4508
3197
3409
5087
6338
3507
3586
5898
5707
1926
7622
3023
1484
7040
1604
1153
3877
6438
3539
5055
2054
4710
3029
3099
3536
1532
6660
6262
4002
2194
1441
3380
7852
7205
3738
1360
848
2857
3723
3139
159
1514
3631
4791
9
5245
2571
2576
4628
5643
3069
5929
3980
6937
7175
2222
4733
3135
6060
3840
4378
2233
3330
2580
4872
4204
2435
7266
4854
3733
4135
643
4268
4396
4205
978
5798
6673
3
18
484
5270
5244
6551
379
3462
3077
3820
5811
3365
3359
3551
2503
3456
1607
2509
3733
5720
7409
7265
4569
6150
380
4687
2451
3037
2030
3432
269
7431
5007
4178
7548
7499
6771
1753
1599
1912
48
728
6744
958
4423
1698
5840
1197
3221
41
3708
2296
1871
852
2470
2107
3708
1900
2240
6268
151
2440
7399
555
3607
6107
2558
2292
3662
2926
3009
7607
6327
6139
149
3785
714
1614
5345
3722
7571
5935
6245
7314
4164
257
2820
1479
5634
7273
5339
409
1683
5615
3418
1538
7812
3504
2904
158
1528
7904
1765
6027
125
5597
4050
5204
6999
3368
1762
220
6506
3302
4667
7464
693
7213
3671
6121
3071
2436
6088
4150
4101
4721
6348
6036
5314
6424
2610
3209
337
3260
4049
4349
875
5770
4347
4646
1932
3004
6390
815
328
5139
2467
456
1172
1894
2570
5291
3673
3854
238
7197
3421
843
941
6634
2551
4513
5874
7808
7367
5832
7540
5912
4455
3971
5875
7621
2713
2067
5255
4556
844
3270
4546
6842
3966
4275
6852
411
1074
1871
6655
4565
312
5516
794
844
6409
2830
768
395
7486
5959
3699
5275
7197
341
5345
6654
4133
367
2939
181
2022
4931
6153
2949
5981
5533
110
123
3068
1480
7898
3819
457
3769
707
7874
990
1258
1539
4722
1637
4425
2547
6871
174
905
111
1107
3348
160
2755
5364
1333
5712
6998
3949
4956
3878
7731
1233
5718
2500
876
2595
6191
2138
6799
3856
2083
5566
5544
320
2649
2574
4831
7117
4623
805
4173
2894
5581
3494
4858
1173
3176
5559
4378
3264
227
729
882
3948
3247
1872
2967
3077
1624
3131
1442
325
3457
3406
5075
5561
5130
3428
5087
5065
6044
1069
3220
4471
7359
7629
5845
7899
5161
1536
54
1920
729
2243
5468
459
619
3181
5127
4759
5995
284
38
800
857
2784
1065
1832
5282
1040
6877
5461
4865
5552
4536
2839
1100
6558
7919
468
404
3831
2133
3962
6698
5604
1942
66
3253
5606
485
2918
6609
5580
3012
1909
4953
7300
2328
2127
2433
2201
7549
3507
3493
754
2332
1842
2527
543
1724
1793
2658
5273
5660
3509
6260
2444
3783
5581
1777
6208
7577
7669
1130
5267
3046
1026
5158
3198
3845
4927
2453
910
4710
5041
4020
2298
228
7576
4958
1819
6749
5422
7469
7994
4024
7226
1320
186
1493
4924
3276
4875
6341
143
1768
7093
3378
6928
6571
5845
474
1079
6336
7725
4230
6357
3280
5395
195
1738
1780
4887
1976
1829
7779
7066
2319
3851
4906
701
1071
471
809
2437
7835
315
7856
6781
7501
554
269
2960
5246
7688
4852
2117
6528
1442
5798
3142
664
1810
4743
217
5886
4712
7274
386
5512
1144
6116
4124
3830
1056
3888
256
2044
7938
2792
6318
3935
537
1783
2619
596
1457
2189
4121
3520
2919
1309
1753
7180
5819
1663
7024
1037
6403
1326
6209
3212
5701
2878
89
2580
2912
6477
636
3600
4074
3575
2903
4697
7204
4620
3546
7309
2111
7549
3449
6438
6634
5531
5328
1928
1865
6720
2015
722
4928
4816
2198
3201
4663
3486
5446
7155
6438
4516
707
3775
6337
3273
7998
1881
1042
1974
55
1868
2684
1255
6372
7718
3827
1865
4792
505
7363
7869
7406
3255
4768
6781
847
5137
4957
298
3302
5176
3250
1634
2718
1718
7174
4549
6567
2314
234
4257
7582
634
2282
4468
5605
4639
965
7695
4954
4671
2740
6480
1383
739
5042
6239
5296
1318
4344
1744
6272
524
4369
4203
6804
279
2052
3662
2782
5847
3126
7091
205
5374
3798
6415
6601
1976
6385
87
507
68
6503
939
398
3065
3323
4184
6274
2980
3609
2613
7705
6107
2504
2280
686
653
7751
4180
7083
6883
4992
79
2071
2496
7433
6682
6607
4002
4407
7620
7266
4215
3230
758
878
2856
2114
1300
7634
4469
3133
5764
4160
4615
2531
3139
1975
6210
6358
4028
3410
7321
327
3751
5501
3816
3460
4928
4552
2302
5988
1025
3866
6327
5283
1041
3984
4050
82
250
3871
2303
6321
415
7226
3003
545
32
2161
5722
2035
2729
2912
2082
735
2136
5640
5789
1174
1641
7155
4725
4544
1782
359
2735
6333
3438
379
2082
2352
3381
312
878
5120
7857
464
2012
1752
1897
3563
4604
1965
7112
7770
4643
2567
2193
3520
4750
707
6911
7585
4140
6415
7055
1626
7177
4599
5483
2232
2174
1446
549
166
7523
6319
2208
6469
1114
4867
3652
673
150
3402
837
7369
3208
4812
4855
4528
730
5974
7654
6037
915
6109
750
3955
2028
4373
2491
2444
1810
3581
3004
5289
3151
4485
6425
745
4627
1715
7902
4524
588
911
3454
4600
5301
4149
3509
3932
877
2963
7625
6680
6734
4588
7226
7226
3839
4966
2428
5891
257
4665
2268
3598
5906
7501
5057
124
6070
104
3230
3845
6022
841
289
1381
1938
2951
1519
1358
5742
5447
4172
3185
772
5452
1763
439
5034
6056
3801
478
5048
4772
5549
5662
7514
4556
252
7884
2280
2482
4198
5434
1197
379
3795
1315
1163
6993
1936
1552
518
1268
1950
1961
4762
3521
3913
952
7446
45
5949
558
1499
903
5269
2402
1870
5387
701
797
6354
1750
292
5206
5798
493
964
7030
5570
5265
2556
7140
4571
6822
738
6918
7166
5779
151
766
6311
4469
2574
3511
7189
2987
1537
7389
1043
276
3743
381
411
3737
7741
5723
5087
5935
7441
1892
7719
6165
7332
7576
4376
3044
384
1173
6998
137
2166
4242
3982
7115
3446
3453
1482
3411
5209
5018
976
1582
4498
3179
361
2439
1692
5141
4796
5058
4648
6008
4251
6248
486
7729
4582
185
805
7640
3531
3439
7628
2563
6509
1082
4695
5714
3242
5197
3586
1569
5493
2973
443
7416
4843
6307
1571
7496
1764
5998
367
4218
7307
2058
5168
54
4005
6567
5807
3675
6593
6215
5890
3856
3817
1544
992
7412
2644
1824
423
444
6113
1133
5894
3109
576
2428
193
4417
2243
6201
3217
2866
6808
10
6502
6133
7814
1532
207
4903
740
2401
3523
2309
1713
4985
6900
877
5362
462
2219
2160
705
7591
3993
250
4249
1110
1118
2181
5885
6133
6645
5796
178
5741
6065
4658
7344
2495
4715
447
5083
1149
1840
5995
935
2904
2752
7178
2093
3686
5628
4356
6840
5649
4246
4806
3865
825
1884
2655
4985
6624
5695
4826
3390
4283
5886
4211
4867
947
105
7407
7754
7016
313
4104
1337
881
5541
5647
559
3756
2813
261
7669
691
6702
5007
3687
5738
7717
6356
482
3523
3484
5276
675
3131
1969
962
239
7397
753
7615
4383
6246
2685
6183
5705
1800
6034
4353
1504
5867
2389
6517
6045
2645
6531
2582
1003
7414
291
1387
1957
5227
4723
438
2056
5942
301
5733
4253
6426
4335
5937
1152
5252
2093
4426
703
5860
5357
6578
7462
4902
3894
2592
5461
1985
6210
2476
1360
3109
4028
4977
5922
2206
6956
6636
1049
4535
5028
166
5868
3929
3655
919
4502
899
3182
1855
4876
1038
6236
7392
4460
7147
3133
6602
1289
3259
3340
658
4094
3775
2268
233
768
6241
1323
3398
1722
5188
7798
4558
7630
817
7584
7666
6662
1459
3811
139
461
5390
4229
4314
5843
1343
2839
7490
7071
6798
2064
4308
1563
1288
5861
7386
6766
894
3036
523
404
3106
7187
3556
547
6369
1063
3724
119
4889
763
4539
814
1515
2198
2655
6923
5161
7720
1610
4225
2242
1649
2871
3150
455
578
724
6354
7040
4901
3018
2447
6425
5274
2929
