6718
2705
1711
7584
4473
4618
7706
5472
373
7528
7438
4429
38
4188
778
7227
3950
3053
6399
3431
3365
1845
3689
8879
4706
8797
5595
4476
2584
3180
10
7911
1041
4117
6032
2831
7928
4163
1420
1889
764
8365
1456
7108
366
8410
6306
2812
6864
5032
187
3880
7811
4462
3529
7118
8492
6333
6459
1137
6525
2771
4756
927
7695
2129
6559
6856
2995
1341
3115
536
7766
4580
2244
6817
6534
676
4014
6798
2458
4562
1135
2138
8806
7140
1695
5563
5295
5795
6846
341
3155
8565
6008
1551
8442
5635
4215
5248
1854
6332
5920
691
8681
7158
1224
7241
5974
584
1949
2116
769
1666
2588
1173
993
7852
8107
8527
73
5148
1924
1707
8283
7630
8280
1902
4882
2556
246
1763
8610
7432
2368
5940
4177
2872
3080
3225
6863
1909
3622
5544
7195
8876
2156
8058
6229
3219
1147
6633
7910
1922
5893
1076
5162
1861
3257
4880
3684
3026
153
8616
3106
3821
2401
8708
6463
3945
7049
7785
3537
1723
1128
5400
1964
6218
1707
4850
1585
1453
4316
3817
7193
4324
497
4158
1735
3331
6502
2224
1110
2678
2169
5416
1404
6274
1310
6439
7633
1627
7626
620
2074
1510
6498
6552
612
1694
3425
774
348
6181
7752
2558
7672
2825
7746
7124
5453
6172
2747
5458
6789
3176
7374
3998
5018
6208
4611
6651
5561
3614
3565
5896
8768
7877
7401
2704
1799
6810
5462
5217
1255
8851
6763
3886
397
2930
8906
5596
6687
3167
3839
3412
5883
7864
576
4832
908
3399
6405
643
1773
5631
411
406
596
6251
3151
1580
253
3805
6286
3257
3257
6034
8301
6664
4550
2822
6797
1837
7553
1216
2321
7230
5922
8114
6846
4606
3253
213
5965
4557
6807
6904
1495
8643
2285
7713
1467
6214
7301
5423
8624
3903
8759
5185
7196
12
5848
6715
5969
6565
7853
4048
3087
8601
4029
2038
6569
884
5209
6664
1968
311
7856
5105
2880
3784
3477
7225
3711
2714
3335
4143
1462
4092
4905
4112
208
418
5900
1794
8054
3660
4369
7566
7203
3523
5633
250
8862
7976
3383
1885
4737
4374
415
700
945
4179
8798
5575
1649
206
3349
2417
4343
3452
1000
2509
4747
8858
5620
2512
1651
6699
3803
7738
6135
4543
5759
2807
5159
1828
6834
3600
229
7287
3051
1600
8565
3866
1850
5438
7690
2420
400
5495
2536
1777
8386
2661
5563
2910
1987
6295
5910
2418
131
4941
2998
1517
557
324
6626
316
6834
1181
6580
3903
2689
509
400
2810
5691
2368
6647
103
6677
2301
5393
4788
4031
5498
873
6937
2111
5069
5007
4015
488
2147
308
3375
4193
5626
4214
2772
635
1356
268
3092
2853
811
377
6909
5058
3514
3979
3077
6666
2559
5997
2898
412
5542
3774
4609
165
734
5375
1082
8985
4208
696
6067
4247
2275
1429
2928
1177
4443
4004
2564
6371
5451
8968
4221
8674
8907
2017
4945
4692
5434
7454
7922
1223
2437
472
5146
4396
4457
8001
3910
8714
567
5493
6616
545
7570
3509
8737
3614
6171
8549
1809
5667
6816
7144
3497
7471
5696
7562
386
3673
7124
7424
6659
7843
3473
8639
839
406
7139
6603
1713
7452
555
1376
590
8101
3075
4478
2022
76
4863
5897
3922
763
6560
3897
3948
1601
4152
1226
6390
8364
4796
5297
4779
3865
7001
7529
3764
2637
657
4216
7638
958
618
723
2635
170
4093
8384
5829
7386
3958
6152
8722
2515
1545
248
5654
3665
2370
7331
5726
4112
8123
779
7410
5862
3550
2096
70
3594
917
5605
1519
3912
8087
7026
2176
1903
5665
8064
4132
3338
3017
4061
7396
8847
429
766
4914
2713
8625
2066
241
5101
6512
1074
4372
6859
4241
645
4689
3381
1034
1088
8360
264
118
1943
7716
4281
3801
614
4834
1949
955
8541
7677
4040
7077
8517
7196
2775
6779
2797
2562
6817
5109
2171
6885
92
4783
6942
3390
699
3388
7
5089
1889
6520
3251
5771
822
3782
5391
4470
5917
4335
1620
4315
7687
1855
589
2656
4863
1287
1
5158
2636
3561
4320
7625
3490
2065
4337
4962
2554
8806
3729
7329
6111
2450
3657
4464
3469
5386
301
4094
2686
1076
31
4666
4499
2105
98
5383
8379
6781
4091
8746
711
8252
8797
2669
1719
5271
5117
4504
4841
8669
6350
3865
3997
4192
7513
7936
405
6837
3515
3099
1857
2922
2614
3100
5498
7433
6709
2625
5762
1954
4354
5415
3849
2067
2425
2315
899
6763
6208
3953
230
7571
8047
941
2302
378
3809
3399
4710
5920
7224
2866
6068
1559
7617
4064
2297
6180
3818
2326
8375
3383
1722
4506
2631
4867
6528
5496
1600
1493
1415
1265
3755
2077
4257
2437
7996
2058
5418
3615
7527
7861
7878
4938
7348
971
3694
1551
3112
2429
8611
357
794
8294
8062
4199
1001
4011
1686
1601
4606
1770
1242
7705
2044
3784
1150
5216
3790
2341
5905
4420
4361
3390
5482
4551
6238
553
6613
2864
6459
3761
60
7520
3811
4973
2584
4457
1500
8362
1563
7187
7683
549
4778
8614
1561
4024
1976
7014
6792
1985
7954
901
5497
7973
7535
3578
4198
8059
605
4852
6216
731
3165
7776
2432
4121
5678
551
2738
6517
1022
2262
6280
2376
808
114
4835
1573
5243
1785
143
1103
7888
751
3634
7106
1324
110
5434
6827
3484
5439
3859
5397
5416
2546
6351
1027
3660
4302
8391
6051
4245
475
1828
7918
1999
6403
3994
3769
2191
1653
7147
4927
3964
6973
3720
5965
7927
3936
2834
2613
4765
7568
168
3079
1094
2417
1004
1867
1671
7365
2027
2564
1674
8458
2442
7488
2421
8460
2000
4156
2377
3431
3079
44
6791
3822
2121
287
5147
7712
4270
3763
3075
3018
285
1311
3504
2665
8043
3171
2842
6417
5754
4869
5301
6712
982
6227
2021
6339
409
6252
1618
4094
2673
4456
1909
393
979
5487
7109
6079
3062
5741
5448
118
5420
2124
2502
7732
8277
3350
5361
8208
7513
7277
5088
7963
230
2159
5918
7639
2614
1604
2519
785
5401
5988
1266
6858
3562
7010
5196
2844
1746
129
320
5741
614
2053
1914
987
5786
3408
2877
3270
2132
7604
310
3864
8242
4192
3873
6272
2308
6498
2943
1632
2660
821
2158
5637
3441
6039
7287
5214
6310
1634
2541
7305
8038
7606
5879
4494
2340
2999
684
6975
2456
1399
269
1703
7697
5825
3050
6931
75
5428
5015
866
4061
7550
6347
757
7551
1494
3575
7617
7481
6312
2595
4833
1633
7555
4796
4478
3157
4364
7423
474
6980
3189
3762
1754
1316
5676
4260
3145
4807
6917
8646
473
721
5595
937
1263
4126
8033
752
7879
5913
3105
83
4074
7237
6410
8091
4624
4669
5866
197
8470
1974
6528
4137
4456
4979
4247
1950
8231
3459
2462
2536
71
155
23
1976
8275
6296
7815
3296
3284
2471
4076
8069
4671
4984
656
8210
3014
290
4515
1226
8498
4366
178
2237
4645
1304
7160
7977
3810
2115
5062
881
1973
3618
4259
1852
3455
5964
7735
1945
282
768
111
6963
6228
611
5042
1862
6189
8120
8913
8368
4350
4092
170
2460
5616
6599
4625
837
6055
2927
4925
3430
5418
344
7318
659
5545
5157
3427
3226
2249
2100
7043
350
2246
4924
8290
4070
6089
7235
14
3415
186
1215
5505
4461
7593
3915
3505
3436
5209
4115
815
8425
6574
4256
2625
4364
2302
5210
8792
5688
489
2213
7995
3454
950
2850
8387
2061
3109
3929
2424
7514
8421
3396
686
3156
7725
4225
7485
2081
8064
5025
2181
2897
4302
2489
4198
3576
3087
5344
5935
6377
1236
8601
2743
7140
5169
8859
7532
3908
1048
2182
4102
7738
774
5363
3956
6013
94
6481
3428
3724
1956
7543
732
1903
4100
395
938
3077
1749
1559
7469
2654
4417
2674
5183
7445
4042
5782
8186
1413
3160
6189
4598
2809
6576
3677
1056
6760
5943
6614
5261
3195
5536
5681
682
6757
1213
1012
2338
4525
1507
3215
8267
8379
6885
4591
1562
6282
3961
2047
1550
2167
625
4888
7875
3087
3638
2497
2467
3384
972
1477
1791
490
5760
7518
3984
4326
760
3651
1773
3218
7359
268
4178
5666
5659
1958
7017
4973
5922
5386
325
5785
8555
2902
2485
338
3618
2051
7405
660
2811
5433
7478
4018
368
4967
7795
6973
4079
6013
3502
5392
4852
5745
1024
3951
3685
7070
3268
4241
466
4129
5950
7142
457
8308
5866
3737
7717
6926
588
4389
8725
999
840
1058
6178
4011
8835
1084
1143
8546
8613
8393
1840
7503
7422
2162
3367
4727
925
1691
6920
8967
6073
7901
3302
2395
5282
7805
208
8780
475
3392
8961
439
6574
2064
5077
8520
5500
363
5149
2912
7837
5739
4728
6762
3429
253
7273
4419
3480
3333
679
2893
134
4983
1747
5197
7172
8290
6387
1100
5256
5518
6172
3995
4436
8603
5209
6906
5455
8717
5692
2223
6029
5826
8756
810
8610
8202
5899
4318
8015
2345
691
3501
6552
7865
1852
1670
38
1762
4384
2977
1863
4872
5698
7066
3071
6174
321
4176
1867
129
4059
5044
1633
4218
8419
1005
1027
1006
7905
2107
4494
6786
8975
3216
8711
6515
3370
748
3797
4019
1114
8328
1257
2350
4047
4560
6533
919
7178
7174
3639
1086
4231
3679
742
8123
5049
1829
7246
2222
3408
2155
3477
353
2330
2058
8266
928
8745
2583
4952
4678
4568
3906
3842
3107
417
7070
4172
1624
7617
3336
2645
8855
4588
359
8803
3625
7529
6069
802
4368
688
3282
5167
4681
1106
1883
7843
6887
5820
5010
4129
4290
3280
5297
4525
3613
8937
7406
7755
4949
5789
8935
28
3730
2968
56
6853
5745
2048
2872
503
3517
1721
7049
3360
8751
8727
3850
1336
5197
8899
2843
7074
5343
5566
8683
4243
8542
4661
4354
4636
490
7625
307
3668
502
6373
2193
4108
8378
343
1928
5595
8294
5409
1177
5265
6717
5923
3773
1610
2160
5444
115
6648
2143
2819
3078
5613
4884
4574
6627
4583
7486
2130
8923
1180
8513
6494
3878
4081
8063
3697
1813
120
2054
8287
2424
150
6900
2210
710
7033
4394
3617
1071
834
2460
5506
567
1810
4419
7824
4440
2663
6051
3858
5784
1682
2127
4191
4966
5697
743
2231
6176
5096
1943
5644
2174
2937
5503
8180
8908
4708
2247
2737
7643
4974
5178
2111
5360
2454
2655
780
6936
4117
8472
4672
2258
502
4972
6250
8760
3999
5536
3322
5729
3274
8128
5167
6088
6661
4601
201
852
6478
4388
4821
740
286
2113
5957
6205
8432
4420
211
2232
7779
5910
3980
5781
4760
5695
914
777
5625
5668
8947
7787
2145
3800
8944
2744
6951
4974
6487
927
685
6446
3046
6491
115
669
8387
5213
3601
7271
5053
2428
8601
3700
5503
6914
7786
8734
6826
225
1091
1772
4868
3493
464
175
6281
7232
7084
1745
6265
8345
6175
6902
8050
470
2391
475
7578
6328
2323
3316
1456
5780
6655
4052
8269
7756
645
4786
322
7815
7274
8655
2390
589
1197
494
4651
6032
690
975
3602
3620
6765
3434
3629
6708
3695
4511
3494
6326
4460
6926
5978
1051
7133
5348
4092
5770
1674
3573
5430
1416
3694
1995
1661
5417
4340
19
8455
5663
7760
2367
7584
7635
2010
8805
750
6972
3197
395
407
3817
7610
3258
5099
7458
5580
2845
3857
3488
3176
6839
7814
3409
5936
7648
2079
3089
1857
4039
1021
5272
5160
5736
7134
3863
732
1506
834
1956
1954
7921
6901
1770
7110
2966
2760
2664
5192
5974
7999
7801
6725
5117
4122
4330
3762
811
883
375
4693
7335
1136
2807
1882
3830
1959
2085
489
2820
8701
863
6139
1283
3104
5698
5034
4783
3063
551
5990
3040
23
3669
3334
2200
6640
5750
1758
2916
8622
113
6053
1771
1457
6846
507
6807
5076
1678
8812
4814
7391
2285
6517
2321
6221
7470
6958
881
1278
6215
6643
5520
4457
8124
1580
2904
5874
1872
6397
3445
1624
4445
5880
7944
5626
7473
2264
3698
6812
616
6497
3817
4582
6855
7266
2751
2472
6557
3958
1042
4363
1201
5175
7003
7665
82
2717
4069
7965
4405
2268
7876
5533
7638
4385
2469
2684
7225
7736
4180
1803
7707
5551
6181
4174
1358
389
2694
8685
4259
320
5251
3972
5799
4729
3015
3556
239
5032
6796
510
7275
317
4504
2064
3263
3458
1520
2367
8851
4627
5098
4470
6590
2774
1282
7699
2330
6775
4208
4935
1184
6360
1572
4157
5220
2040
720
5824
6653
4545
3501
7275
2090
4376
1560
1715
7256
4548
1762
2339
553
6995
173
6542
736
2411
6521
3914
223
7431
6934
8377
8064
6366
1037
5192
2892
4020
4165
8000
3739
7253
6332
6476
4444
2862
3447
4531
4615
4311
886
426
6748
3782
535
6589
4453
3207
4321
6208
2999
717
5975
7002
4697
364
8525
4987
8220
5406
7796
8634
5456
1416
7225
3497
6376
845
8914
5157
5941
6144
134
2913
7067
7051
1249
2432
6879
4176
5131
2958
1543
1646
5549
292
8718
6648
4348
907
7061
290
8000
877
3122
3270
8139
7122
141
2749
3881
731
5666
4705
2481
1484
8355
4452
7196
4498
7276
2065
5657
7176
1718
4054
3516
2862
3591
8480
4433
2012
3486
8414
7744
4138
7890
2313
3058
1119
5212
3352
6440
994
3288
4629
5453
2044
6146
3524
6489
4466
1685
1069
6159
7566
602
3660
8671
8047
4145
8100
144
231
1781
3873
5460
2895
5743
1256
4990
2893
2744
2551
7795
5230
8436
8287
4363
2369
1951
4685
8586
6618
5271
1705
2158
7760
7725
1306
6154
3789
6511
1538
3689
4246
685
5118
2931
704
8264
3072
4202
5541
403
4659
4320
5508
3037
313
8493
2221
3262
5182
1119
2253
8033
404
2431
5083
5829
2950
1044
340
5417
1273
7771
2371
4914
2248
1341
2903
5102
5238
3514
4851
6777
2517
7267
3971
6855
8086
6206
4763
6255
3438
4596
1748
5035
5396
1312
6025
4874
7436
1060
3970
3189
2047
353
3613
5341
5954
579
1140
2505
3674
4240
2541
3666
4912
2821
1306
2250
183
2357
6848
1559
1173
5458
1787
2179
2113
3862
5004
269
4668
7564
787
3987
5340
3189
1674
3877
5043
1348
3609
5318
2859
5484
3729
5853
5218
1049
8280
2944
1985
8596
8731
546
1287
8262
837
3254
23
3224
8130
5641
492
3321
5682
2271
1367
3052
2654
3355
2446
3056
1579
2925
2483
1607
754
4570
5168
8890
4671
1433
1312
8060
3650
38
266
7969
7442
6296
1272
745
3677
7826
4055
740
1854
8396
1849
2506
3111
1058
6210
4512
6100
599
6441
8527
1590
262
8375
8221
4102
2869
1015
5443
3717
6781
2955
4710
4922
759
4328
617
6376
2879
1910
5872
581
5018
7242
83
3000
3485
8267
7876
2298
2921
188
4651
1432
64
8810
4794
3974
178
8157
6464
2499
5788
7081
4496
1444
5640
3577
2997
1594
8308
6971
2937
5920
6862
6738
2921
4266
1877
6375
5007
4082
828
3626
2180
4641
1618
2324
3769
6000
5414
8825
6335
5258
999
6490
3741
6951
2529
5197
8361
3685
5829
4503
34
8238
2780
2032
2600
3958
3164
2704
2642
5196
2567
918
8573
3503
3486
2127
712
3967
8697
5555
3820
8417
2333
3383
1503
8699
1852
7341
6677
6634
7616
5422
1431
5450
7928
4792
2542
6875
2958
2018
1158
4406
2742
4206
2073
8471
4445
2784
302
2446
1980
3677
1945
5328
5159
1848
5246
4724
3631
133
6941
1358
1581
2704
8275
5545
5820
5717
2137
686
2148
1960
340
1550
6791
7892
1188
2453
254
3270
151
4552
8581
6965
1522
4274
2529
5324
1308
5668
3957
3495
3698
1995
3561
5267
6352
293
3044
8712
4329
8521
12
6003
5142
779
1457
1589
978
4523
8122
5858
6279
5475
6118
1457
5096
7228
1773
4371
1730
3425
6516
8789
5463
8083
8373
4091
1384
542
4782
3185
4084
2198
4341
794
102
2259
7374
4707
1465
3681
468
4999
6819
4717
3571
459
3290
1562
2138
3669
7138
5728
7829
1880
5594
1320
2045
4276
2443
6683
3284
3283
627
1938
2606
44
6988
6525
2712
5568
5523
622
7171
3499
7308
324
226
6722
6462
3638
6326
1487
7851
4091
3014
8139
2415
4631
1060
569
5064
8653
7399
5416
5739
3653
6264
3878
5914
4364
242
6818
6222
1967
4316
6754
6219
1127
5496
5260
1519
3684
5014
6275
72
5870
7021
5665
6806
8338
4114
8310
2365
6465
6571
4441
162
5948
3217
2771
3402
8877
8096
549
2716
8741
4208
4045
5375
8028
1092
5827
865
3623
1331
5303
642
5435
7105
3068
6902
5453
1117
2953
1635
1915
4314
3771
3490
4357
8585
2029
5379
7235
3471
353
1656
182
1365
4535
2767
5006
3330
441
5692
1600
1153
6437
7812
1468
645
6691
865
7159
196
3607
6335
6873
2739
2737
4278
1049
4938
8134
8179
3159
7873
5325
1715
3938
2757
1979
1559
8058
117
3330
5980
2394
5510
6482
1232
2728
4855
5848
8410
323
7164
8204
7800
7990
25
228
3637
5942
7826
3156
5011
7915
1458
6531
8354
2106
3333
4252
5027
4019
8197
5223
8205
4477
175
5540
8201
7517
3488
4887
215
4749
6811
7559
5774
7755
4479
8342
6937
2826
3483
4524
6494
1077
398
7539
4292
7187
7962
8876
3615
5978
7613
3586
7630
6485
3904
2364
1419
3683
1951
6599
1279
6927
7910
6608
5878
4678
3178
6678
2569
1948
2125
4547
4649
8299
6515
3185
3513
4137
3022
1198
2648
390
775
1916
540
3276
6843
823
7704
1388
4956
7569
1623
5749
2151
6405
6666
7343
2330
8572
3717
1484
5182
3892
8907
483
408
4747
2311
8313
8580
4452
3619
2496
3453
2154
5487
2107
1175
908
4331
336
7518
2826
4528
8566
1973
7362
6807
1640
6740
7098
6585
2300
8534
1873
1808
2903
5567
8299
7718
7528
3150
7754
4900
5549
6955
6506
5331
7165
3772
1964
5401
1311
5778
2430
5297
8125
8500
6006
1138
2248
2512
7832
109
2901
2512
3631
594
847
3021
8358
3311
7758
7227
2810
6797
6411
6951
5917
139
1560
5426
2691
8239
6873
3475
8416
3495
2396
1830
6516
1905
6917
7119
1850
3072
1247
1426
1425
7855
5153
5160
5472
7168
8675
5521
1212
727
3720
4180
7067
5059
3867
5435
436
7756
2660
6888
2550
2238
1751
1520
4130
231
2940
1331
2438
6458
3755
1802
927
4350
729
8209
1161
4917
1111
4192
1670
4517
430
3744
2139
3496
55
6551
905
797
8857
5420
2871
5668
4487
336
7503
7879
3163
3048
1913
1567
2241
6853
4637
3011
3798
1222
3685
7683
2360
3850
5484
5162
3803
6810
2289
6884
23
5976
154
4850
8192
5780
4622
1654
2594
260
6639
2545
267
2474
8327
1960
922
7767
7937
7882
2126
7854
6803
3140
3582
7852
3604
2006
4882
7380
3469
7146
4127
1124
5127
4042
2471
6803
3315
5387
8758
963
8902
1279
4186
3173
1176
985
2766
4952
8800
4409
3264
6062
2011
1226
453
5708
4333
2092
4787
3817
6543
5525
7122
7630
4120
3146
7517
860
1196
6078
6295
1621
5537
7592
1459
4778
1283
8488
8374
2263
3847
1216
6836
1929
8074
3900
4994
1203
3095
341
5711
6026
6173
1760
3220
5337
8550
3100
6755
5219
7252
3669
1746
2333
8382
4576
1642
2990
1618
5099
6275
7010
3819
3799
4538
843
2961
2617
971
8045
3668
80
3336
7033
3755
5613
4800
7778
4718
7490
6627
1151
6968
7422
5052
177
920
4262
3131
401
478
8475
5693
5477
4049
2296
7854
3553
4146
678
2554
4153
2716
7277
8479
1701
1660
3398
3166
4230
8515
2007
5653
6354
1568
3854
4374
7919
7757
3323
3572
5379
365
7060
7016
2165
1750
1019
8809
6876
2368
3821
2839
429
2019
3540
7441
2196
5763
1161
1314
8656
1715
3815
4132
8294
4778
1746
3508
5065
5322
1069
984
415
7993
5794
1086
8265
8259
3681
504
6227
4811
2629
4088
5461
5951
2652
4894
3808
4199
8500
5644
4996
7215
6419
204
7804
7533
4429
5709
1575
1459
8459
7399
5837
2631
7404
5914
1705
7264
8348
4826
2087
6688
1654
4782
1049
5296
506
8000
6899
4789
3271
772
1879
2261
2732
2790
7547
6795
4730
5392
5095
6603
2378
3161
2038
1231
3405
433
6341
2338
2782
5495
2538
6713
5764
6804
7741
3137
3930
520
4660
2672
6121
1719
7442
5226
3076
7121
3019
502
5499
2906
4778
305
8067
3161
4009
5541
5046
8746
532
8649
1861
252
5257
2047
319
5726
2002
6263
4394
4002
1117
3671
2719
8195
1212
359
4941
1210
550
8095
4140
1287
2933
3
4462
5364
4810
3512
5890
6172
2799
4005
1159
5912
3990
1643
4473
524
2282
993
2480
8301
7894
8108
7467
2073
3993
1506
164
3675
1830
1747
2316
6269
1380
7727
4086
517
7628
4602
6995
1670
4169
1576
2836
7601
78
664
2398
1159
3476
1828
3236
4348
2444
4337
1608
687
1507
6394
521
2149
7856
5373
184
3216
2861
6149
2687
7443
185
7004
3973
418
5589
4885
7752
6991
8936
1010
530
459
698
7857
3527
327
57
2919
1592
3534
222
8869
2426
6578
3454
1387
1456
717
622
7538
2600
7508
7337
3412
8932
5231
1752
1336
7878
7534
2097
7376
3092
2243
4039
5287
4684
8028
8855
3154
6186
1272
7529
2131
1701
4217
1577
2707
7630
7526
4308
8044
2328
7628
2471
5494
4763
376
5567
1458
355
7289
1875
2369
564
2198
6514
3447
4914
1781
8554
7843
6175
7784
6557
8270
3281
7868
8720
2693
3935
2320
7596
3171
3018
3555
1869
3949
5625
8821
7099
365
2970
329
1474
4161
4983
1231
643
2019
5065
2704
1941
2051
8847
1821
5128
6958
1798
4406
8736
3265
6154
5710
8321
2546
7750
2532
3118
2682
5458
6162
4919
4059
146
3042
8165
2365
6348
6182
1106
8336
2864
5987
5167
2054
7035
122
4803
285
999
3727
5314
4786
4093
2467
4536
8679
4953
8934
5635
102
2465
218
6818
8188
8482
121
4050
1622
6507
285
856
5318
500
5367
6681
630
1074
4825
2304
8404
4039
1327
737
2123
818
6352
2800
8666
6228
8388
7435
7119
7401
4741
267
2696
8684
1809
3303
1787
3272
2237
6002
4772
6749
7891
8298
8821
612
2760
5387
5110
4473
6723
5596
5171
418
4992
8066
490
7815
8832
8366
8616
2515
4113
5724
2474
1397
7188
6457
2977
7011
658
7396
3094
8553
1151
4665
112
2264
7922
5439
5325
1740
6737
7841
1741
4772
6711
6793
2022
2126
1279
1108
1975
1317
5938
8562
4469
7909
5589
6881
3046
5347
2335
2577
4329
1263
4054
4497
8024
6199
996
4882
2084
6209
7272
6253
2969
2015
1286
1128
952
5451
2289
3941
321
5399
5751
8429
4279
4615
2189
3007
6588
1695
7747
4065
6111
873
576
2869
4043
7137
1365
4532
17
7130
1245
1450
3668
5075
8898
4963
4860
720
3202
4210
8040
3316
2484
5895
5857
5851
3941
3398
3696
6965
5301
6593
7960
4780
950
3164
1693
4764
8043
7948
2401
5391
3177
4881
1448
4135
7416
2873
5204
3035
2198
2623
3491
8416
293
1744
274
1590
6641
4390
6674
5380
1568
2580
2278
4024
1012
887
7173
2321
7265
6670
6102
1288
5608
2826
1364
8406
7642
4122
1801
6375
8241
8194
2008
1595
6732
5979
1723
2451
2099
209
3618
4134
5814
5192
8532
4522
7379
8849
5713
835
3432
7923
872
6761
2150
3928
8734
1118
8303
5245
8587
887
4365
1528
3721
4719
5046
5048
5749
455
1203
8153
4834
4264
8758
1511
2360
1891
3977
2457
4046
5595
6875
4382
5346
2916
436
1371
5377
8297
5056
1171
2852
6365
2390
3599
1435
6497
5647
6147
782
5033
4387
5581
365
6011
1991
8369
6999
4096
6046
7189
877
2382
3613
468
2220
3739
8465
4228
1090
453
5249
1100
5535
3475
6211
1917
8755
3843
403
8390
7374
1961
1628
4457
7522
930
328
1044
5797
6273
3606
4645
1648
4296
3598
7286
2369
7858
722
346
168
2424
1632
6157
1636
5056
3501
8882
7490
8750
2582
7873
3663
5245
4510
6337
5349
2840
6512
3267
8463
2962
2516
2732
3068
1695
5413
155
1257
1068
301
8230
4643
8009
4412
5441
4334
5353
1011
3434
953
7941
1144
906
2439
2709
104
5613
866
5344
5446
5513
8587
3584
4654
7954
2819
7200
6395
8614
8468
4576
1840
7157
5285
8087
2720
507
5632
7723
4039
8112
1723
3930
5741
8489
1080
4644
321
1742
1358
3779
5965
2411
8114
4728
733
1646
5317
4216
1514
8412
2705
6933
4993
7766
2130
7507
3857
5358
5181
8459
4190
8048
2823
2782
8191
6122
4615
3451
6618
7548
6085
8560
1595
6104
7640
5624
7020
2977
484
4174
6433
5749
1262
1153
4019
1294
5187
8198
8814
741
1990
729
617
8212
3307
6530
474
469
5897
3174
3526
8153
8804
4835
6558
5180
7819
2381
8790
5949
8743
4765
979
1279
4611
4838
3957
7813
4203
4818
742
1090
6656
876
5786
3167
8964
5286
3557
938
2192
789
7594
2043
1012
8306
5707
3916
1484
5278
692
3161
3249
1467
438
4161
7520
7288
8396
1695
7189
7816
7258
6289
1424
7353
468
8019
5320
3129
6514
8149
5594
2391
447
4303
4709
401
1352
3567
5296
6000
6864
3808
8902
3018
5492
6478
5933
3676
3996
6676
8366
1663
2134
6729
661
5781
3221
5525
114
1221
403
5642
5606
1239
783
5555
3631
4636
4265
2370
5032
2108
6808
1627
6569
6944
7283
3761
1624
6589
2964
88
7985
2092
4313
195
86
4956
3439
2220
6405
2453
3447
235
4033
5473
2084
6548
6250
4488
8084
8482
6354
5337
6283
6243
6915
2795
2880
3286
7248
7483
1291
332
4741
7150
5190
4511
3777
8020
4536
0
403
7506
7034
6137
6382
4638
5376
863
6541
7517
2670
5802
2045
531
8885
5351
4283
5618
4987
1017
1343
8756
7571
643
124
1851
5326
8891
5455
2050
1998
5123
2878
81
5242
1062
6695
2450
6997
5152
5216
8249
1812
8684
2241
1471
1991
3948
4811
3773
7060
2131
4277
7149
8411
1851
5597
7528
2210
5293
1435
3766
4625
2620
2807
6674
7081
7944
190
8502
4357
1896
724
4764
4702
7927
4199
814
1056
2396
846
2119
3423
5549
2297
3869
3734
854
830
2242
1790
3892
7917
5529
1758
2416
1672
1505
6250
8870
8442
8028
5653
4942
4017
1930
982
3549
1293
5390
5316
5416
6238
772
5861
5349
4068
944
1007
4680
4291
6139
1882
3548
4452
8106
5055
1500
4454
4115
8850
201
4850
433
5389
6200
16
6345
4230
4783
1021
4139
6080
8033
2335
167
5082
4118
6783
1629
2302
1656
2653
8327
8054
5866
2713
139
951
1933
2341
5539
5673
2987
8991
0
2378
5181
913
6924
6947
8841
4467
5938
2202
1340
7462
8233
6729
5365
5579
3526
3177
3181
4093
7233
8744
6898
1493
8210
721
4373
1555
363
4971
8961
4503
8182
8749
6465
4399
77
1799
4853
4895
7538
87
1323
4205
6923
7602
577
1419
409
6031
3778
2287
3016
6611
386
1468
1773
8425
4836
6054
8673
3628
363
3203
5308
2407
4225
6609
7004
2148
2699
7864
5101
3976
2741
3129
6212
3963
5224
386
4165
8573
3039
887
5152
7715
4050
140
6929
5429
7647
6002
3336
3752
5360
7968
7116
7335
3472
708
4925
280
940
2110
662
2599
7244
6060
8103
1236
8692
7210
7380
1294
5625
3811
3609
8573
5590
8425
4179
4411
6724
3362
3250
5083
4094
5560
1746
1061
7811
1364
5560
3412
885
200
3958
8818
6785
4270
3384
5010
3114
5448
2752
5997
5086
1180
4147
99
2625
3826
435
7598
6819
7538
7805
3586
3922
8388
1220
1426
7914
3690
2943
3453
4761
1816
1074
1984
4151
6591
5104
8095
5312
4304
6151
6322
3985
1389
7784
8669
4523
8205
8486
6760
5519
1200
4470
7625
6655
7688
4727
3577
2054
5590
4368
4711
2777
2052
1263
1054
6492
5532
335
934
7846
3339
3322
3161
2772
7330
7560
6818
6098
2834
7051
3741
8006
758
3684
1252
5314
5580
1863
7683
8336
179
860
5187
3356
5067
4189
8763
8022
8636
4174
431
4202
1468
6421
7486
3733
4866
69
11
2380
1814
1966
4700
6530
2357
1438
7220
5376
3538
337
2748
1694
7839
4290
2339
2900
7902
3858
8394
4792
6417
5741
2417
8609
5254
2
4339
2693
1366
1639
2172
4087
3128
7475
2809
3468
2408
3747
3439
292
1687
4030
5856
3900
8159
4495
6027
1969
481
4511
2305
3683
7654
4180
2885
214
87
7271
1780
8130
1935
5147
6858
914
878
6988
7083
6973
1530
6120
3985
4970
2739
3991
574
5084
4757
3864
1799
3867
2321
7968
399
6941
7335
8659
6287
8445
2769
5829
2476
4063
414
4493
7084
6538
757
2029
1313
8322
610
1145
4393
7527
5528
6854
3606
3681
2227
3283
5608
5641
1350
8985
7893
3875
716
2369
5710
7114
8929
2928
8345
3344
3146
1075
1792
5319
3872
5060
3138
6390
1507
7620
359
5297
1770
2481
7142
5724
6135
718
2623
5967
3559
8197
4781
3633
4554
2291
8461
5546
3842
8457
4376
5185
1977
8843
8092
5599
4919
7416
2441
2592
6346
5415
8276
5537
3774
5319
1212
1078
6840
2337
1945
2322
4586
5644
4898
8192
3811
136
4014
7516
2376
1474
3640
1633
1959
1004
3309
7641
1185
3076
1715
5235
223
3136
5459
8540
7731
4749
1393
1969
2146
5626
1309
8578
8425
4007
98
124
1719
167
2532
5484
3284
6156
6221
2038
5177
2558
1644
2215
5900
190
8468
1396
1974
706
5392
7227
5950
1793
3807
5164
2359
3328
3673
5348
2952
2139
1309
5606
8247
1201
2817
3655
1434
3609
1043
4640
5687
995
4518
4781
2823
3784
1045
8813
465
5543
6250
5557
4863
3353
2416
8556
51
7214
3156
3696
2400
8005
2534
8347
861
7020
5654
3920
53
2054
2577
4454
4282
5361
4516
4008
3896
6054
7815
5995
1004
2321
3137
117
4491
3499
5199
338
6769
8839
8808
2668
8122
1268
8557
7949
6244
6959
2992
5149
4251
8413
74
3386
5260
1960
150
1021
5646
5076
978
2813
5932
6272
320
4297
3503
4707
6445
2601
4790
4020
5370
2228
8588
4179
7943
3318
3100
377
2418
662
491
5952
1862
5882
1651
1886
1627
5450
722
1563
8523
4503
3795
883
7290
2878
5688
6331
4755
1439
3666
1834
4748
1852
3860
1683
1862
959
3877
8894
1266
7762
1593
1112
5815
2748
4756
8963
7082
7320
1657
3934
8745
4072
1410
3432
4167
4620
2659
7132
3039
2078
2388
5909
3540
5170
4178
8371
5504
206
3993
3679
3508
8667
1026
8740
1879
1389
3081
327
46
8397
8812
184
2250
7183
3327
8455
4007
6264
8446
5276
8519
5102
8507
6132
4274
3087
5077
2944
2364
2229
2368
8400
6805
3109
3847
4555
8787
5279
871
8149
5277
7430
5719
4016
2957
7276
2835
5748
3848
2237
3665
4806
3197
4635
4253
2417
3875
5429
3272
7806
781
6794
4659
2746
8986
3975
2234
2923
4575
1720
5165
83
2692
4087
2978
2238
2800
2150
5725
6661
4833
5180
3584
5937
387
2398
1653
4698
1255
7471
1301
3704
8344
735
2026
5961
7335
2426
5014
7909
1833
6853
918
4580
8377
781
835
8069
3083
2968
759
5565
1094
6715
5531
2524
8714
4477
2177
172
5199
7235
3589
6090
3482
2248
7129
3018
2534
2778
8838
8924
1987
8413
5408
2875
5106
3376
7892
3897
1832
5431
3968
7565
4927
1912
2245
64
1874
7258
4324
6587
8473
426
1677
6761
2408
1834
836
6209
491
6330
3243
549
2478
1730
7357
4936
8583
3184
7632
4986
8973
6366
5352
79
5023
7294
589
3461
3587
5725
7568
948
4719
3496
1230
2683
1170
6589
284
2553
7982
8121
884
1247
5062
5209
2223
3045
1205
737
4130
2244
4151
5140
4180
1790
4300
362
4248
2260
2642
2461
119
525
7561
1051
1499
4999
838
972
4873
6391
6768
1584
7302
4412
3567
3080
6971
2747
1534
5777
3347
749
855
8011
3929
5400
5837
1305
3321
177
4378
1879
6454
2373
1260
4208
386
3722
3555
7982
920
6790
3246
190
1096
314
2602
8413
2824
4844
7059
7027
4127
4985
7884
2539
8342
4637
3878
6054
8499
1040
6205
7699
7020
4570
5535
533
912
3747
1007
3507
3829
2137
35
6805
3810
3104
2090
8398
7986
7928
3197
3132
5372
4782
2345
5121
897
3253
1123
2461
5353
1613
7320
3528
3770
6219
1030
2278
2924
6137
7197
1976
3684
4785
8920
5798
1049
1866
3026
5003
5626
8378
1823
7718
7167
907
2365
3745
4577
258
437
4889
50
7773
2224
2517
8627
1684
7794
6440
7446
8127
4432
7415
6307
2932
78
2992
7301
562
8189
7087
2948
4303
3448
4388
3183
8300
144
6237
1572
7218
1613
4856
6402
3564
4500
938
6781
6879
2855
7702
797
7063
3806
1209
2313
1978
6154
5133
6173
8324
6665
8047
2366
6367
4801
1431
1212
244
3724
1018
3866
7189
7138
2389
4811
2676
8979
843
8158
3451
3353
6724
3243
5464
8485
3287
7763
4406
5242
2999
1157
7396
4089
2406
3320
5022
250
7354
5167
197
2396
2814
3888
8020
1659
7438
1329
3440
1860
4699
5658
362
3941
7620
8108
2724
2180
4465
2983
2192
6545
7002
1572
3193
7171
7758
6934
1447
913
3876
6078
786
4529
474
3332
580
8522
2459
7834
6121
4600
5987
1446
5071
6613
5718
1599
6646
5681
3864
2036
572
5780
5823
6383
538
3166
7526
1650
380
7247
5697
6567
3750
4802
5921
1632
7003
464
1066
4616
5331
489
8311
1192
4824
3113
8796
7811
3200
8793
5674
1959
5101
2771
3832
4912
6895
4876
4968
7832
7577
461
4672
4667
1235
8675
139
4956
2204
6218
7383
4791
855
4132
2346
5
3363
823
3609
2659
5471
8159
2974
53
8297
8330
8847
3127
8602
2413
1939
3632
2821
4402
3697
1004
5322
7211
4482
1739
7129
7145
8454
5360
6648
2384
1128
8029
4746
6580
1604
8242
1478
2205
3621
6125
8762
3899
4431
1296
2934
8199
2128
4182
389
6368
4058
1324
7676
2964
6130
2626
1978
5299
6302
5207
4012
3707
7997
6141
8292
383
4732
1715
3118
2670
1829
3948
6827
6382
2068
3392
5282
6204
2053
4345
111
2826
785
1724
4425
7855
6334
3762
742
2902
3165
5806
3185
341
3652
5723
2812
929
4337
3886
1165
7600
1943
5274
613
2609
1224
1919
203
5941
69
8254
2842
1934
1359
2716
4046
2820
4942
4794
436
1631
1499
1517
4812
3605
4100
4363
1910
74
272
2150
3092
1351
8315
882
4030
6575
7342
5327
7663
5766
7890
483
4695
3015
1242
8112
2186
3345
399
8870
5569
89
1443
817
3885
8596
8472
8919
1504
4605
4842
6317
7486
2830
5189
526
2479
7966
5549
7358
8503
48
3770
4405
2806
2318
8345
4895
2901
1518
5220
2111
2967
283
5880
5776
5624
2486
2966
2744
5714
2764
3564
8256
3338
5721
3112
8461
2917
2397
2428
2934
4207
2238
6325
8362
1102
1315
1264
645
3883
915
6750
4378
4953
3674
616
8110
1305
1232
5852
6171
4212
4196
6644
4251
282
7313
4760
8676
1797
414
7303
1804
3958
560
5769
1668
7769
2349
576
4822
8708
8718
5698
8795
1106
2888
6966
7891
1432
3865
3758
7030
4990
3235
5794
7942
4123
4149
6345
902
2356
488
5947
3363
8759
4849
3147
908
1776
7221
2602
5713
8116
3649
7839
458
5090
2243
2163
4546
7623
2195
3148
3124
475
146
2649
8557
8544
5375
5206
605
5625
3785
8822
599
2840
424
7810
8166
5597
2421
7820
1781
1256
7985
2782
3968
8534
2986
8660
5150
369
638
786
4055
705
1120
2296
2972
6629
3918
1221
5517
5360
103
2131
617
4018
3209
3231
5968
3485
1607
1450
555
7922
6543
8972
5661
854
3292
884
4605
631
6100
330
6335
5921
6044
6091
5423
3111
3489
1162
5344
4637
8230
5767
172
1805
675
4958
6638
1251
600
8168
4972
8780
3215
7444
7612
8493
4737
7483
2225
3185
2086
7978
6038
4442
201
4785
2494
2124
5635
2101
5528
1792
5349
6363
1845
3830
5839
3366
5470
670
3677
2092
5797
7668
3679
4837
3157
7443
1880
786
3151
1509
6653
7284
3446
7558
4333
4110
3187
7210
4689
2944
2776
2656
7341
3712
6865
4889
27
5431
7734
599
3043
5093
1443
2067
2449
1325
4613
5664
1682
4104
2171
719
6869
4877
2342
5637
110
302
7564
787
1818
1195
7007
1139
3246
2877
6814
8894
2348
5193
963
1628
69
3956
7680
6864
8056
741
7264
8199
2268
2433
5664
8578
8176
5980
4249
5543
5368
231
5333
6447
6448
5189
3931
1885
6037
845
1633
453
2751
4293
3195
2131
7818
451
392
3586
3107
3690
3424
583
1218
7280
657
8486
500
5412
5187
400
7866
564
326
8654
4603
3859
2176
4795
6903
7055
2144
6055
1966
2968
673
7273
3514
2325
5591
6639
1520
2902
1148
8614
5279
7304
7006
1250
1140
535
7917
8121
7061
8598
2198
6046
5328
3443
6692
6853
6909
3448
525
4062
1797
6524
6909
2713
8844
246
6871
2127
4231
8416
3698
1873
121
8678
7211
5087
2879
1364
3935
8405
5100
4138
546
3137
742
2305
2874
1007
6575
8895
5603
5011
5831
4099
6148
7900
7124
8863
7008
3269
3541
1862
2365
7502
1114
3727
6894
4851
4634
2453
476
6447
7532
6441
501
613
5275
7111
853
1762
111
6475
5028
842
3964
1427
7377
7306
4895
3803
3074
2158
3242
5237
1649
3599
8316
8055
5266
274
2046
189
8276
5232
4595
7977
5135
8272
4901
5126
7793
6643
5662
3249
574
1609
5170
2843
5082
4424
5626
6617
2318
4354
1730
7074
3083
1353
4656
2181
189
2025
3362
1086
2336
5531
1458
4667
8580
7610
5379
5975
2298
8437
3001
731
4189
7066
5437
2981
487
540
1421
2361
3053
3998
2416
2797
168
7913
7815
2843
1113
5414
6372
8433
4338
847
5983
1648
3619
1472
4540
3825
1770
6715
4128
3883
1590
2313
4358
841
1553
7670
1134
7252
4765
2933
3318
2607
5383
3748
6107
3230
1373
5863
4178
5407
5287
3001
8195
1036
388
406
7056
438
4056
8549
5732
5646
5966
1387
779
3018
1744
5379
8727
6777
1240
584
4941
5595
4469
3821
5306
5037
8424
728
3899
7258
4339
1070
4046
5869
1909
3538
2087
4467
7265
3324
5374
2412
1035
6202
387
3882
4494
7023
6379
2815
2206
6607
2392
4388
7907
8648
8819
5117
2072
4775
4022
7299
2737
6395
4420
3928
4792
5462
397
812
7246
5923
8366
8790
1934
77
7414
7222
1269
6452
201
2521
5216
7002
7327
1743
5912
5005
4038
3067
3250
114
2287
3208
878
1100
1653
4444
7534
4119
5532
5028
113
5248
8655
1071
1913
4976
6634
4604
8981
4306
2233
1734
7177
8415
2945
2250
6969
1925
2993
5171
5239
3556
746
3497
4479
4339
487
7865
4747
8385
1582
1736
7427
231
6115
5824
52
3028
5138
4190
5567
5484
6678
2981
6882
1424
3760
4035
5769
469
4935
5692
5736
1791
8289
6978
6174
3520
2586
3324
2639
6013
3245
1864
2773
5589
79
3006
5608
3480
5324
503
2708
435
1429
2529
5007
3722
1592
3118
505
2013
6748
2341
2499
7913
2821
4592
3920
7608
75
6462
2826
5399
6468
1993
5716
7534
8044
2321
897
5275
4902
2136
7289
8344
1547
100
1583
2171
2281
3820
1873
3899
1538
7813
6699
4893
8328
7111
589
294
3242
6843
517
7872
2510
1951
3318
1594
2667
7924
2886
4942
6597
1513
5226
6942
313
4628
8233
1039
3035
62
304
3785
7050
5485
8334
7874
5571
848
5087
4829
4538
7
8276
109
7470
1985
4145
3031
1067
8709
6662
944
7741
5129
1409
1989
6643
1499
8225
4709
3549
5597
7732
1061
4480
2717
5047
7640
154
2771
8580
478
4872
2951
4550
3492
697
4883
2970
3659
2526
6733
898
5915
7446
8365
994
267
5144
3314
7948
1496
3887
5772
1062
4436
4722
4552
2840
3380
8464
5385
3917
6775
5318
116
5670
3507
6913
3026
6362
2783
16
6793
8922
8836
6605
3380
7580
7055
1119
1652
7383
3594
6602
7
5705
3111
829
6544
3833
163
430
3031
4743
5036
641
2455
1029
6290
5089
8633
4567
3267
4676
4904
2646
624
715
7226
560
945
3268
3779
5158
4602
5615
4318
5569
2076
7260
8401
6265
4991
6826
3410
4438
2074
7006
1312
4963
1904
5508
8753
8630
3229
6572
3764
870
5076
8293
6724
5305
7264
7516
2413
2492
762
8864
551
3536
1582
4453
3578
7729
1214
435
1291
3826
1785
4035
2304
4867
4298
1527
3795
6801
1813
4226
8819
514
6154
3927
1355
3151
887
4181
4543
2488
2487
1597
5153
2757
8667
3251
3744
7704
1119
124
8042
3293
7266
4279
2972
4785
3055
8817
5713
5598
2424
8562
8432
6850
2701
8990
5373
2705
2720
7517
786
7603
2300
374
6872
1587
7628
2422
3489
5023
1632
2065
860
1665
692
8218
3599
5589
1932
3060
580
275
3018
6194
2712
34
7731
926
1394
1312
1920
4229
8270
4178
3662
2300
7819
4415
1786
6664
146
3639
8088
4213
545
7038
1974
4256
8624
3563
1564
2783
6545
8296
45
1903
4219
2052
7367
6496
6632
3051
6676
2426
5098
4911
1144
8791
2938
1836
7018
5367
267
3624
4695
5599
3431
1477
7574
2204
759
6579
1991
1293
4347
4917
8276
5690
1964
62
1905
3470
7366
740
8194
3906
3771
617
255
7573
3769
8477
1691
2848
4851
1169
5308
7034
3745
3316
211
4852
2877
3161
5894
7735
3562
2370
5678
7191
5701
1818
5814
230
6477
8700
4471
4163
822
5233
6616
6154
3157
7173
4435
6829
3583
6585
4477
7170
782
1626
5396
3629
7120
8894
6361
3509
833
8095
69
7734
5576
2895
6672
6934
8676
8750
6766
2089
2710
5047
779
881
4074
2259
1431
9
423
8302
103
6438
4672
4449
2132
7420
4024
4536
1649
616
400
5324
997
5576
8539
5813
6228
5288
5742
4920
3594
8268
1343
6236
8415
4650
3028
4811
6885
1967
6722
6341
4257
3819
3608
5330
8978
7273
1632
6913
2367
3843
5103
8500
6796
7432
5164
916
3110
2544
8582
4034
1788
8979
371
5327
6361
2605
6658
8168
3261
7262
6339
8372
7887
5132
8151
4551
3747
166
5677
7024
3056
1754
1611
8568
2059
8652
302
4906
4351
559
3640
5598
913
5425
1134
734
1098
790
5430
6642
4284
2324
4585
3418
3875
6446
3689
8425
4517
3770
865
4931
4134
4521
2898
3207
1937
805
2961
364
4155
3676
8725
2908
4085
2213
5183
2461
7514
5210
1355
4518
5996
5809
7694
6859
3217
4202
7682
3706
2681
3153
5596
5109
7955
6093
1829
8367
2069
99
420
7762
2603
7610
7475
8238
7152
171
5287
1161
1368
998
96
8879
6168
531
167
2486
4080
6328
5951
7655
3599
3372
1771
8858
7986
7970
8574
2436
8124
962
2115
5154
2417
4087
128
7830
3041
3526
3428
4840
5364
5309
855
7246
361
4766
198
4390
4035
6356
7385
5030
710
1352
5688
1363
6100
1195
2368
8369
2319
1220
5464
2720
2490
1386
4225
2961
1178
1194
5039
6096
545
1077
4670
8647
8926
1658
5665
836
4004
8599
4705
7858
1423
8242
2917
5693
6811
7417
5342
27
4606
3922
2331
3522
4358
5622
2432
8114
6247
261
6770
1939
8424
7606
4701
4373
2467
6574
8187
682
371
3680
3995
2843
1225
2587
6950
8271
7569
2534
3631
4840
8250
7224
2094
975
668
6691
3722
5273
2717
4031
5483
4207
6330
1685
2414
4689
855
1571
2834
8905
1869
1300
4878
3251
572
7395
1256
3874
170
2759
5031
437
5012
4794
3520
8383
3296
2037
6661
3690
3085
7680
7257
5384
8823
8712
1108
5363
509
8111
367
8598
1165
1409
4867
8554
235
4067
5523
1403
8586
4143
4401
7191
5680
3409
4884
5633
1173
4943
8416
2060
2872
2603
3620
544
1043
1862
8444
3132
2110
5342
7816
5978
5806
7566
4015
6962
5247
466
1121
8403
7953
4517
8145
3974
827
2832
2150
4738
5695
6708
5455
1873
4383
7363
4317
7178
306
3624
1148
7239
1597
8581
3602
6616
4742
7104
3501
8188
1133
4617
2403
2245
522
3495
8317
5924
51
6224
3024
1592
7132
8708
1137
8827
5895
7212
4542
1070
7859
8032
6021
189
7462
5600
1658
5730
1801
6438
7044
1680
3266
3472
2699
3952
2718
4295
5276
5389
2446
1438
1369
2973
7398
1862
4600
5121
5290
5569
5470
4182
4533
4427
5982
4699
8691
5570
7838
7600
2748
7997
7252
4155
2456
4678
5262
1134
838
6153
7689
1451
1656
6730
2793
6723
4578
8404
2338
3458
2890
8544
2723
1833
5861
4467
1259
1986
6825
4887
3737
8685
1222
3049
2510
534
7830
3810
4560
1287
4354
377
872
8227
1352
574
882
2856
5870
873
3210
2748
5100
4410
6907
3167
6250
352
5443
3768
5135
812
7169
2266
2507
8412
3856
6245
8303
5606
3567
4789
4140
3826
2921
8037
463
6611
4910
5218
2404
4361
613
4696
4582
2136
2547
503
2751
6593
1187
7266
3972
1598
866
7278
8056
3444
1105
977
284
8497
418
3081
186
4900
6055
4708
2177
3643
599
5771
191
6500
7072
449
7258
1852
7148
990
6585
247
8985
4908
8656
6658
543
241
7197
7819
6432
4632
4975
7843
4989
6782
6652
5312
1797
5565
999
5930
3419
4126
7882
8236
7413
5189
2074
3147
4959
4659
2084
4449
6155
7390
1055
804
6657
4563
6668
3754
6846
4610
2832
8167
6844
5335
4338
7850
4034
6672
2167
898
2756
2484
61
2587
8826
5538
5294
5771
2385
1895
8285
8110
7149
1906
5832
4310
2586
1241
3610
1542
2715
6578
2337
1213
1523
1597
6217
8084
4719
1829
5470
3134
2980
4933
5430
2356
5568
8915
5383
6406
8579
2968
8330
4456
5189
1100
4375
7373
7924
2684
6809
1022
187
2412
6525
6600
6023
1722
4136
128
3404
575
5955
5449
2204
3382
1326
890
8496
5710
122
7660
138
5269
6007
22
388
4934
5391
6120
6480
5893
688
3816
61
8021
7927
926
1549
806
1587
2940
7236
3713
2931
7287
2696
5686
8791
4142
3294
5287
6320
70
4644
3011
1275
5656
4403
3523
7082
2608
6041
1458
1846
381
5677
1750
93
3430
2290
8772
1466
1253
7903
7257
5024
4314
3707
4995
1447
5786
7721
8278
5805
7103
5599
588
5735
6983
3011
4542
8676
4821
3083
8149
8991
963
970
7221
4606
5806
5354
4659
6077
5353
3984
4247
4588
2068
1464
5343
5620
2394
4658
7283
2666
6679
1483
8219
3390
8706
5061
1872
7184
2906
3294
5557
4766
2111
4476
3313
1592
5674
4831
8630
8127
2832
8125
4172
767
1602
7882
6179
8508
5265
6526
936
5254
1357
2522
5242
5360
5074
6469
7665
647
1234
344
5398
7930
4690
3796
117
5678
823
788
6728
438
6122
5277
4549
2731
2310
4855
1245
5718
2297
8874
7552
997
7916
1862
5644
228
3645
4277
8039
362
1809
3588
6505
3172
4872
8895
2227
8749
3966
5745
5588
1533
3145
5280
6396
2671
5570
7964
3465
1970
1173
6551
9000
3530
1535
1865
2236
4395
1526
3832
4854
6415
6093
1359
594
8064
3849
2039
2972
6242
6040
6141
7966
6280
191
5752
177
2802
3927
5296
4586
6447
7416
2008
3598
8801
5085
1872
7717
8493
5898
3314
235
8387
3476
3443
8975
3578
6414
95
4948
3618
7851
8455
3028
5718
5330
7963
385
600
4853
7098
7239
7915
2033
2055
2163
4783
2366
2147
665
3969
1956
2026
3044
5175
4747
1839
6601
333
1144
6291
2723
4834
662
2790
1240
8296
1415
958
1251
2857
3749
2594
1176
2841
8169
3806
3544
1709
1106
8224
7253
1502
5503
1814
8353
3175
4684
3527
3783
2587
2163
5154
838
5165
5433
8292
5243
7098
8375
1911
3743
3332
1943
1754
8268
5806
6453
443
2504
5073
197
2795
7300
3591
4592
3121
5024
4037
2166
1643
4424
7534
6666
1049
6631
4848
7282
3260
5506
3621
5447
297
801
5100
3457
704
4739
557
8122
6805
4894
2683
518
7300
4450
8197
3118
1748
7369
733
3828
3597
2073
949
1397
8468
7881
1207
6258
2209
3379
8471
3180
4719
6161
732
3476
7315
7936
488
2426
1738
6718
5315
1288
4858
998
4392
3520
7570
2962
5962
4936
2955
7636
5841
1883
5200
4870
2293
5104
4400
5335
3952
8141
2553
8238
7589
8880
5906
1086
6867
3459
6983
6771
2826
6242
5810
7594
7659
6784
8524
6646
5743
214
7558
6900
1033
3486
1110
7147
1710
960
3540
1728
8486
3498
8597
1478
2286
8709
4779
6010
4897
3328
7581
7353
1568
7750
5235
768
117
5971
5914
7940
58
5789
2399
6244
5815
118
7186
7231
559
5190
3263
975
660
4441
4892
8299
997
6934
4154
1411
3660
4217
5172
206
3154
7345
2374
4645
5062
1687
2874
4926
7210
1239
8693
4932
6824
2237
246
4382
3493
5556
6707
3672
942
3466
901
3150
387
3748
3763
3876
2642
384
8994
1105
6983
8547
4973
232
3425
5322
4371
3127
1522
2311
2158
1582
1631
843
4652
1358
1422
1512
2463
4001
2204
3146
6098
7161
7148
3449
7492
3054
3972
3343
587
5559
1243
6747
466
3891
3255
2338
2442
2570
816
3679
1907
2461
2688
6017
3419
4422
7520
1678
3808
1267
2491
7837
845
8253
4520
5850
6502
4536
3421
6972
1854
1051
5384
5792
3502
3632
2298
511
8249
3546
2699
8473
5327
1661
3850
5145
3337
2806
2508
1895
8762
8895
8958
4966
6574
4323
4479
5871
5109
4973
1930
4403
530
8098
1346
3222
1943
5528
7413
2925
2727
4086
2568
8458
1723
923
1613
8635
6558
7249
1608
2109
4030
3661
6930
7511
1549
5770
4551
3652
1376
2903
6317
7846
949
3888
4156
5742
5104
4591
3629
8683
6470
661
78
622
4382
4578
6646
6730
4830
4985
8828
6782
299
3464
2377
8991
5103
199
49
2734
5815
5216
1570
1052
982
1178
3567
2220
1277
2370
8854
5724
6608
7307
8147
3353
3042
841
2729
6222
3971
5462
2196
3245
5942
3616
673
1475
7460
5013
256
8645
2151
5216
5557
4852
2155
7929
5124
4746
3443
7352
1164
7537
3634
6261
1475
1729
5655
1048
5815
3448
8396
2920
2534
2761
1837
5959
4071
7636
4617
54
2533
4015
7798
5269
8548
2620
2772
2836
6393
5045
324
6851
6280
8155
582
4502
6558
4759
2387
6889
4259
2293
587
8045
5393
575
3259
7043
7757
4397
5934
1436
8503
3700
6913
623
3456
6513
2260
866
201
6533
5331
2301
7562
2687
902
3512
3381
379
1621
3935
7062
1243
6625
4786
6640
1806
3753
6715
7029
8994
1369
1771
3516
7247
5103
6415
6368
8526
5116
3192
4164
3086
8324
6021
11
259
2293
8272
5720
6219
425
4118
2098
1274
6186
5067
636
5262
3552
3469
5594
499
3948
3645
2773
2838
2426
6894
3244
5672
2903
8017
6685
979
1904
2681
1803
4601
344
6734
1374
4071
1847
6484
416
6967
2017
5607
770
211
572
921
3327
8008
1528
4145
2673
1877
8157
1140
6452
7570
6315
8752
6898
3414
128
3311
987
6460
1475
5120
6167
2892
5914
6201
6705
6681
4460
8040
2744
6322
1241
7807
218
7683
4330
7096
5699
6933
1544
1646
4001
5088
7345
2309
7489
4050
5738
5351
8784
892
2413
8095
945
4625
4574
6792
7057
5324
7692
7794
1464
950
672
5212
3956
1240
641
5058
3827
2734
1293
2258
4542
1701
2349
635
3169
5711
450
6303
6291
2031
1007
1881
1051
6319
1521
4662
4974
5644
1954
7035
3682
3387
3191
582
1811
3701
7584
3096
2293
472
5793
5177
661
135
4990
2587
7673
5621
4732
8082
1012
4556
179
7147
909
7010
1368
1339
7305
3168
5620
8901
3114
8613
7578
9
6756
7401
8111
775
887
2500
7177
8726
8823
956
6287
3347
6230
8752
4674
428
3095
8162
7917
8826
8909
131
5003
6703
4126
971
3597
2033
267
240
3824
5707
1639
6454
7539
7634
421
2332
1026
7343
600
3276
8096
5544
2386
6186
3169
1967
854
3912
567
1825
993
5576
8471
2989
4337
6440
8922
5573
8200
8875
5903
1946
4717
5051
4721
3945
204
4473
4378
6354
6035
7283
5104
540
3949
3222
7271
2972
6485
125
4552
2552
8128
1635
8030
7083
6532
1032
3696
3635
2465
5515
4236
1179
884
5930
5404
3017
6332
8532
7479
4674
4515
3415
6069
6966
2455
5328
6244
8543
4586
6192
5649
3916
2539
2057
2682
8223
2948
3991
2095
7600
4641
3092
4935
6212
1445
7137
5638
4362
7925
7101
6559
3101
1835
3717
6106
5188
1286
8425
4334
1897
6163
5581
6942
5566
5007
225
3884
4002
3938
2868
4652
2822
7094
8228
2087
4440
5580
2029
3303
5232
891
1941
4532
1791
5724
779
2167
6076
3028
306
3473
4139
4335
4774
1111
2355
2039
6275
6010
6136
6316
7528
4733
5156
6448
707
1525
3143
8638
3748
3881
6380
3399
7212
1291
8545
259
6973
5270
6707
4110
3516
8337
2253
5684
2332
3200
6700
4935
4209
2942
6986
4479
8378
774
4431
6118
4775
4239
2486
5375
8507
2447
5588
5111
6290
183
990
7455
2979
3796
4423
165
2232
3286
1289
8613
1124
3791
2459
1544
1961
4253
7976
6997
138
1335
5504
8013
6310
4962
1989
5427
2065
2381
5557
1773
721
4767
3641
1198
3321
